% Ejemplo haciendo un barrido en distintas frecuencias. 
% Cargar con plot_acel()
% --------------------------------
3011990 -1342 -330 3783
3012017 -854 -136 2483
3012049 -100 287 -388
3012082 753 524 -3203
3012115 1227 315 -5142
3012148 1184 452 -4754
3012180 509 -86 -2219
3012213 -301 -315 681
3012246 -1077 -251 3072
3012279 -1371 -351 3963
3012311 -926 -186 2512
3012344 -208 258 -345
3012377 718 416 -3059
3012410 1235 315 -5113
3012443 1105 402 -4661
3012475 588 -35 -2349
3012508 -308 -251 609
3012541 -1069 -280 2972
3012574 -1357 -301 3927
3012606 -1026 -236 2627
3012639 -165 251 -187
3012672 710 359 -3067
3012705 1213 236 -5005
3012737 1141 301 -4682
3012770 538 -122 -2305
3012803 -359 -265 437
3012836 -1105 -294 2778
3012868 -1206 -366 4006
3012901 -1055 -265 2691
3012934 -323 208 -166
3012967 603 330 -3052
3013000 1127 251 -5013
3013032 1170 380 -4776
3013065 610 -35 -2471
3013098 -315 -294 379
3013131 -998 -208 2749
3013163 -1321 -287 4013
3013196 -976 -201 2864
3013229 -315 186 -79
3013262 610 373 -2923
3013294 1199 380 -4819
3013327 1192 280 -4718
3013360 660 21 -2672
3013393 -165 -315 200
3013426 -1062 -258 2677
3013458 -1378 -244 4006
3013491 -1134 -244 2928
3013524 -344 165 128
3013557 567 373 -2959
3013589 1306 351 -4754
3013622 1220 323 -4711
3013655 574 114 -2715
3013688 -258 -265 56
3013720 -1034 -236 2541
3013753 -1371 -323 4020
3013786 -1026 -265 3151
3013819 -380 136 351
3013852 481 430 -2858
3013884 1220 452 -4768
3013917 1220 430 -4682
3013950 624 129 -2729
3013983 -165 -323 -87
3014015 -1048 -344 2641
3014048 -1335 -380 3934
3014081 -1026 -201 3173
3014114 -280 71 508
3014146 560 423 -2779
3014179 1206 373 -4661
3014212 1134 423 -4740
3014245 703 165 -2851
3014278 -258 -265 -94
3014310 -1048 -330 2490
3014343 -1314 -323 3984
3014376 -976 -236 3187
3014409 -481 114 487
3014441 560 394 -2557
3014474 1199 409 -4632
3014507 1163 344 -4733
3014540 703 93 -2995
3014572 -93 -301 -151
3014605 -1041 -351 2433
3014638 -1321 -380 4034
3014671 -1069 -258 3316
3014704 -294 50 659
3014736 524 344 -2679
3014769 1127 272 -4589
3014802 1184 308 -4776
3014835 689 122 -2966
3014867 -136 -294 -266
3014900 -998 -373 2440
3014933 -1306 -344 4013
3014966 -1170 -258 3338
3014998 -481 122 595
3015031 473 344 -2514
3015064 1156 315 -4539
3015097 1249 409 -4675
3015129 667 71 -3088
3015162 -78 -315 1607
3015195 -926 -337 3259
3015228 -1321 -402 3812
3015261 -1026 -244 2340
3015293 -430 86 -503
3015326 473 409 -3339
3015359 1206 344 -5106
3015392 1213 380 -4611
3015424 452 -35 -2040
3015457 -488 -323 875
3015490 -1170 -236 3309
3015523 -1393 -315 3790
3015555 -840 -43 2311
3015588 -86 215 -546
3015621 710 366 -3289
3015654 1328 330 -5149
3015687 1213 402 -4503
3015719 445 -35 -2018
3015752 -373 -308 889
3015785 -1184 -287 3158
3015818 -1350 -251 3826
3015850 -883 -136 2340
3015883 -129 287 -489
3015916 825 409 -3325
3015949 1335 366 -5149
3015981 1199 337 -4539
3016014 438 -28 -2033
3016047 -409 -380 824
3016080 -1091 -272 3237
3016113 -1328 -236 3869
3016145 -962 -136 2383
3016178 -35 136 -503
3016211 797 359 -3318
3016244 1371 394 -5099
3016276 1163 359 -4611
3016309 488 0 -2018
3016342 -438 -373 875
3016375 -1148 -301 3266
3016407 -1350 -258 3754
3016440 -840 -71 2332
3016473 -14 323 -489
3016506 840 552 -3375
3016539 1285 344 -5185
3016571 1206 323 -4618
3016604 423 -107 -2176
3016637 -423 -351 882
3016670 -1120 -172 3223
3016702 -1371 -301 3776
3016735 -789 -78 2368
3016768 -14 229 -661
3016801 811 488 -3375
3016833 1256 366 -5128
3016866 1199 323 -4510
3016899 488 -43 -2068
3016932 -517 -323 853
3016964 -1105 -301 3316
3016997 -1335 -272 3797
3017030 -955 -107 2275
3017063 -57 301 -604
3017096 718 337 -3304
3017128 1321 359 -5099
3017161 1105 373 -4596
3017194 466 0 -2176
3017227 -509 -315 896
3017259 -1170 -308 3295
3017292 -1385 -208 3848
3017325 -868 -107 2282
3017358 -21 215 -532
3017390 782 373 -3304
3017423 1292 301 -5135
3017456 1141 409 -4575
3017489 560 -57 -2047
3017522 -402 -387 903
3017554 -1084 -323 3359
3017587 -1393 -215 3898
3017620 -876 -21 2239
3017653 -21 265 -575
3017685 804 430 -3275
3017718 1299 366 -5056
3017751 1148 301 -4575
3017784 466 -100 -2025
3017816 -359 -366 954
3017849 -1098 -258 3359
3017882 -1364 -337 3797
3017915 -876 -71 2160
3017948 -107 301 -496
3017980 768 430 -3375
3018013 1285 373 -5171
3018046 1163 366 -4539
3018079 488 -100 -2040
3018111 -373 -387 896
3018144 -1105 -287 3280
3018177 -1371 -445 3855
3018210 -940 -14 2383
3018242 -43 244 -517
3018275 782 466 -3253
3018308 1314 416 -5156
3018341 1120 330 -4625
3018374 509 -86 -2112
3018406 -387 -359 875
3018439 -1134 -315 3338
3018472 -1335 -337 3769
3018505 -825 -50 2340
3018537 -21 172 -503
3018570 739 423 -3217
3018603 1184 351 -5214
3018636 1163 344 -4733
3018668 430 -50 -2176
3018701 -330 -387 760
3018734 -962 -294 3137
3018767 -1299 -351 3891
3018800 -955 -107 2440
3018832 -165 251 -503
3018865 753 466 -3182
3018898 1227 330 -5214
3018931 1127 394 -4646
3018963 473 -35 -2241
3018996 -258 -330 688
3019029 -1098 -294 3144
3019062 -1292 -366 3833
3019094 -847 -258 2498
3019127 -71 251 -345
3019160 718 402 -3182
3019193 1299 359 -5199
3019225 1184 423 -4639
3019258 495 -107 -2270
3019291 -323 -301 681
3019324 -1084 -344 3036
3019357 -1357 -373 3984
3019389 -962 -157 595
3019422 -172 186 -324
3019455 753 387 -3950
3019488 1242 315 -5063
3019520 1177 466 -4172
3019553 502 -50 -1465
3019586 -2025 -315 1636
3019619 -1184 -409 3539
3019651 -1292 -222 3481
3019684 -753 -122 1758
3019717 122 323 -1221
3019750 933 265 -3813
3019783 1357 236 -5027
3019815 1105 315 -4352
3019848 344 -179 -1587
3019881 -567 -330 1758
3019914 -1256 -330 3568
3019946 -1371 -308 3517
3019979 -811 -100 1851
3020012 64 344 -1106
3020045 847 488 -3878
3020077 1321 287 -5113
3020110 1127 330 -4431
3020143 394 -129 -1659
3020176 -596 -344 1665
3020209 -1220 -416 3625
3020241 -1314 -236 3524
3020274 -746 -150 1894
3020307 136 301 -1042
3020340 854 438 -3828
3020372 1263 402 -5084
3020405 1026 416 -4417
3020438 380 -122 -1788
3020471 -481 -258 1528
3020503 -1206 -337 3517
3020536 -1335 -265 3503
3020569 -897 -107 1887
3020602 57 251 -855
3020635 804 265 -3627
3020667 1314 373 -5120
3020700 1177 315 -4553
3020733 366 -86 -1961
3020766 -509 -272 1255
3020798 -1156 -186 3532
3020831 -1357 -359 3639
3020864 -768 -136 2146
3020897 -43 215 -726
3020929 868 222 -3541
3020962 1314 351 -5128
3020995 1105 308 -4532
3021028 438 -78 -2025
3021061 -416 -308 990
3021093 -1084 -294 3345
3021126 -1335 -308 3769
3021159 -789 -71 2440
3021192 -64 294 -553
3021224 725 387 -3418
3021257 1328 402 -5228
3021290 1206 445 -4611
3021323 509 0 -2147
3021355 -366 -251 868
3021388 -1098 -337 3137
3021421 -1314 -301 3984
3021454 -933 -193 2555
3021486 -165 280 -352
3021519 689 409 -3203
3021552 1235 301 -5163
3021585 1163 380 -4747
3021618 509 -57 -2363
3021650 -308 -172 480
3021683 -1098 -236 2842
3021716 -1350 -359 3970
3021749 -990 -344 2778
3021781 -308 222 -65
3021814 682 359 -3002
3021847 1263 359 -4934
3021880 1170 308 -4690
3021912 531 64 -2700
3021945 -258 -366 221
3021978 -1012 -229 2763
3022011 -1364 -323 4006
3022044 -1005 -244 2986
3022076 -330 107 286
3022109 481 409 -2851
3022142 1184 380 -4768
3022175 1184 308 -4675
3022207 639 143 -2887
3022240 -272 -315 -108
3022273 -1048 -402 2555
3022306 -1385 -409 3919
3022338 -1041 -265 3323
3022371 -473 -14 688
3022404 538 351 -2643
3022437 1098 323 -4567
3022470 1199 258 -4668
3022502 746 114 -3131
3022535 -35 -222 -381
3022568 -976 -193 2476
3022601 -1371 -337 4020
3022633 -1206 -409 3381
3022666 -459 100 1054
3022699 473 438 -2313
3022732 1048 366 -4524
3022764 1192 416 -4740
3022797 825 208 -3354
3022830 -114 -229 -683
3022863 -840 -330 2347
3022896 -1328 -394 3840
3022928 -1256 -315 3338
3022961 -596 93 1183
3022994 308 409 -1954
3023027 1055 294 -4287
3023059 1242 387 -4876
3023092 890 229 -3670
3023125 14 -186 -1106
3023158 -818 -366 2110
3023190 -1292 -265 3761
3023223 -1249 -373 3388
3023256 -682 -78 1471
3023289 236 373 -1623
3023321 1034 402 -4201
3023354 1328 452 -5113
3023387 1062 172 -3971
3023420 136 -86 -1314
3023453 -789 -301 1844
3023485 -1220 -387 3639
3023518 -1299 -323 3445
3023551 -746 -21 1593
3023584 222 244 -3124
3023616 911 409 -3928
3023649 1263 265 -5120
3023682 1062 323 -2499
3023715 280 -129 -568
3023747 -603 -323 2440
3023780 -1249 -402 3862
3023813 -1407 -337 3309
3023846 -703 -57 1241
3023879 35 351 -2033
3023911 1026 258 -4402
3023944 1263 330 -4891
3023977 955 143 -3648
3024010 50 -294 -1027
3024042 -840 -308 2232
3024075 -1393 -380 3797
3024108 -1249 -294 3395
3024141 -653 -14 1420
3024173 287 359 -1674
3024206 1026 315 -4237
3024239 1249 387 -4998
3024272 1005 222 -3986
3024305 193 -265 -1314
3024337 -739 -466 1815
3024370 -1321 -236 3639
3024403 -1342 -373 3445
3024436 -746 86 1629
3024468 208 251 -1279
3024501 969 280 -3907
3024534 1328 294 -5077
3024567 1077 359 -4251
3024599 359 -193 -1616
3024632 -603 -193 1586
3024665 -1184 -423 3568
3024698 -1357 -280 3510
3024731 -840 -222 1858
3024763 107 294 -1085
3024796 911 380 -3813
3024829 1321 459 -5199
3024862 1113 366 -4417
3024894 380 -122 -1846
3024927 -495 -280 1169
3024960 -1113 -308 3453
3024993 -1393 -359 3776
3025025 -883 -43 2189
3025058 -14 280 -711
3025091 797 409 -3433
3025124 1299 330 -5156
3025156 1271 387 -4625
3025189 495 -7 -2126
3025222 -481 -373 745
3025255 -1113 -222 3108
3025288 -1385 -272 3934
3025320 -919 -172 2541
3025353 -201 208 -338
3025386 675 509 -3103
3025419 1227 272 -5120
3025451 1206 452 -4768
3025484 639 -100 -2471
3025517 -337 -208 394
3025550 -1005 -308 2828
3025582 -1357 -366 4099
3025615 -1026 -359 2842
3025648 -301 215 78
3025681 596 315 -2858
3025714 1206 402 -4733
3025746 1278 359 -4812
3025779 617 150 -2901
3025812 -229 -315 56
3025845 -1077 -387 2627
3025877 -1321 -409 4070
3025910 -1077 -330 3266
3025943 -466 122 674
3025976 416 344 -2478
3026008 1113 251 -4546
3026041 1256 359 -4711
3026074 746 86 -3189
3026107 -100 -272 -288
3026140 -983 -366 2476
3026172 -1421 -380 3876
3026205 -1199 -416 3352
3026238 -574 93 1140
3026271 416 330 -2241
3026303 1113 337 -4316
3026336 1249 402 -4869
3026369 933 229 -3569
3026402 100 -222 -862
3026434 -832 -315 2340
3026467 -1414 -280 3747
3026500 -1192 -387 3345
3026533 -753 -50 1449
3026566 229 351 -1702
3026598 919 308 -4338
3026631 1285 351 -5163
3026664 940 186 -3971
3026697 100 -251 -1250
3026729 -797 -308 1916
3026762 -1299 -308 3596
3026795 -1328 -380 3345
3026828 -703 78 1744
3026860 150 330 -1250
3026893 962 344 -4022
3026926 1357 337 -5113
3026959 1034 323 -4295
3026992 186 -136 -1580
3027024 -524 -294 1614
3027057 -1235 -416 3568
3027090 -1278 -315 3568
3027123 -854 -114 1923
3027155 -7 351 -1006
3027188 840 366 -3806
3027221 1371 373 -5257
3027254 1192 409 -4560
3027286 380 -114 -1918
3027319 -481 -208 1054
3027352 -1127 -301 3388
3027385 -1393 -272 3805
3027417 -854 -201 2361
3027450 -86 265 -589
3027483 782 438 -3440
3027516 1256 330 -5228
3027549 1206 452 -4675
3027581 495 -21 -2277
3027614 -287 -315 666
3027647 -1084 -294 3043
3027680 -1371 -366 4106
3027712 -1012 -222 2627
3027745 -287 122 -223
3027778 675 351 -3038
3027811 1220 280 -4991
3027843 1206 380 -4740
3027876 667 -50 -2643
3027909 -229 -294 1923
3027942 -1055 -236 3424
3027975 -1321 -265 3668
3028007 -1062 -244 2088
3028040 -301 71 -704
3028073 552 337 -3677
3028106 3015 416 -5128
3028138 1184 366 -4510
3028171 394 -35 -2004
3028204 -380 -330 781
3028237 -1069 -337 3230
3028269 -1378 -323 3876
3028302 -926 -172 2519
3028335 -86 351 -367
3028368 804 517 -3375
3028401 1328 394 -5207
3028433 1256 430 -4639
3028466 581 -57 -2313
3028499 -287 -280 437
3028532 -1055 -186 2857
3028564 -1263 -301 4063
3028597 -983 -351 2828
3028630 -215 222 -79
3028663 646 308 -2995
3028695 1263 265 -4934
3028728 1206 373 -4697
3028761 653 157 -2700
3028794 -301 -330 0
3028827 -1012 -330 2562
3028859 -1378 -294 4056
3028892 -1105 -229 3252
3028925 -423 93 437
3028958 567 301 -2772
3028990 1141 215 -4575
3029023 1220 330 -4790
3029056 667 -14 -3160
3029089 -71 -229 -410
3029121 -983 -366 2541
3029154 -1314 -452 3977
3029187 -1163 -359 3424
3029220 -574 21 997
3029252 409 373 -2356
3029285 1091 301 -4488
3029318 1256 430 -4733
3029351 725 201 -3411
3029384 50 -244 -675
3029416 -911 -366 2332
3029449 -1393 -438 3833
3029482 -1256 -229 3323
3029515 -739 28 1169
3029547 344 351 -1875
3029580 1055 308 -4280
3029613 1314 315 -5020
3029646 955 150 -3864
3029678 143 -201 -1228
3029711 -710 -394 1995
3029744 -1350 -265 3761
3029777 -1292 -423 3374
3029810 -718 -86 1607
3029842 244 315 -1429
3029875 976 330 -4007
3029908 1321 359 -5171
3029941 1062 287 -4201
3029973 265 -107 -1465
3030006 -624 -337 1736
3030039 -1206 -301 3661
3030072 -1328 -351 3424
3030104 -732 -129 1772
3030137 93 308 -1034
3030170 962 402 -3842
3030203 1350 344 -5120
3030236 1091 351 -4402
3030268 430 -208 -1767
3030301 -459 -323 1298
3030334 -1170 -294 3524
3030367 -1292 -280 3776
3030399 -811 -122 2174
3030432 -57 251 -668
3030465 782 337 -3541
3030498 1371 409 -5099
3030530 1220 373 -4575
3030563 394 -43 -2068
3030596 -402 -280 853
3030629 -1055 -294 3158
3030662 -1400 -344 3812
3030694 -962 -143 2541
3030727 -157 215 -273
3030760 739 445 -3138
3030793 1350 330 -5099
3030825 1213 344 -4768
3030858 646 -7 -2406
3030891 -351 -272 351
3030924 -1134 -280 2835
3030956 -1364 -258 4041
3030989 -1134 -265 2964
3031022 -351 172 200
3031055 574 430 -2858
3031088 1278 445 -4797
3031120 1199 366 -4740
3031153 753 172 -2980
3031186 -201 -287 -180
3031219 -1019 -402 2462
3031251 -1342 -366 4063
3031284 -1163 -301 3445
3031317 -481 107 882
3031350 409 387 -2420
3031382 1134 387 -4517
3031415 1321 251 -4747
3031448 854 172 -3361
3031481 -50 -251 -489
3031513 -911 -315 2340
3031546 -1278 -344 3704
3031579 -1292 -280 3323
3031612 -646 71 1198
3031645 244 330 -1982
3031677 1034 251 -4309
3031710 1263 258 -4876
3031743 940 157 -3713
3031776 100 -265 -1106
3031808 -753 -380 2131
3031841 -1306 -337 3812
3031874 -1292 -423 3417
3031907 -689 -64 1507
3031939 258 387 -1559
3031972 933 394 -4101
3032005 1342 416 -5099
3032038 1019 193 -4144
3032071 280 -157 -1458
3032103 -653 -301 3503
3032136 -1242 -387 3596
3032169 -1335 -323 3481
3032202 -825 -71 1083
3032234 136 287 -2061
3032267 998 387 -4445
3032300 1306 394 -4891
3032333 1084 251 -3591
3032365 323 -251 -848
3032398 -911 -351 2189
3032431 -1342 -409 3761
3032464 -1213 -330 3424
3032497 -610 -78 1284
3032529 287 387 -1753
3032562 1048 294 -4172
3032595 1292 409 -5207
3032628 897 165 -3957
3032660 86 -165 -1293
3032693 -761 -337 1880
3032726 -1292 -337 3711
3032759 -1249 -402 3395
3032791 -732 93 1744
3032824 107 258 -1271
3032857 933 344 -3986
3032890 1357 366 -5207
3032923 1041 301 -4266
3032955 330 -150 -1551
3032988 -560 -315 1650
3033021 -1192 -452 3596
3033054 -1407 -301 3546
3033086 -861 -179 1952
3033119 28 251 -970
3033152 854 337 -3792
3033185 1335 423 -5163
3033217 1069 280 -4438
3033250 402 -21 -1903
3033283 -531 -323 990
3033316 -1134 -330 3445
3033349 -1357 -359 3783
3033381 -825 -193 2289
3033414 -107 301 -474
3033447 847 430 -3426
3033480 1278 308 -5185
3033512 1184 423 -4603
3033545 560 -14 -2241
3033578 -366 -301 702
3033611 -1041 -258 3015
3033643 -1443 -351 4027
3033676 -983 -186 2584
3033709 -222 251 -223
3033742 631 402 -2995
3033774 1292 301 -4955
3033807 1213 359 -4682
3033840 596 122 -2600
3033873 -244 -351 171
3033906 -1019 -201 2849
3033938 -1328 -366 4120
3033971 -1069 -337 2950
3034004 -272 208 106
3034037 574 416 -2844
3034069 1227 402 -4740
3034102 1163 416 -4790
3034135 689 143 -2995
3034168 -251 -308 -101
3034200 -1005 -366 2498
3034233 -1350 -387 4070
3034266 -1041 -179 3287
3034299 -402 35 609
3034332 473 344 -2550
3034364 1163 308 -4453
3034397 1263 272 -4711
3034430 718 107 -3131
3034463 -172 -201 -359
3034495 -1019 -323 2512
3034528 -1378 -344 3970
3034561 -1156 -359 3359
3034594 -524 71 954
3034626 402 394 -2334
3034659 1113 373 -4474
3034692 1235 373 -4776
3034725 840 150 -3375
3034758 -7 -258 -503
3034790 -919 -315 2447
3034823 -1299 -359 3812
3034856 -1156 -344 3338
3034889 -617 129 1097
3034921 337 366 -2133
3034954 1113 330 -4438
3034987 1285 452 -4804
3035020 811 236 -3418
3035052 35 -193 -697
3035085 -883 -294 2289
3035118 -1364 -445 3819
3035151 -1242 -344 3252
3035184 -610 -21 1212
3035216 380 402 -1961
3035249 1048 308 -4323
3035282 1278 416 -4891
3035315 840 330 -3555
3035347 100 -193 -797
3035380 -890 -337 2246
3035413 -1335 -344 3797
3035446 -1213 -287 3323
3035478 -617 57 1248
3035511 229 315 -1961
3035544 1069 265 -4338
3035577 1199 323 -4883
3035609 890 244 -3469
3035642 50 -229 -869
3035675 -811 -337 2182
3035708 -1278 -359 3790
3035741 -1227 -308 3252
3035773 -660 -35 1198
3035806 323 452 -1997
3035839 1055 294 -4338
3035872 1242 330 -4840
3035904 854 201 -3447
3035937 43 -165 -783
3035970 -883 -301 2153
3036003 -1278 -308 3740
3036035 -1177 -265 3338
3036068 -603 50 1205
3036101 258 423 -2133
3036134 990 301 -4330
3036167 1242 344 -4804
3036199 797 258 -3411
3036232 21 -208 -790
3036265 -933 -308 2246
3036298 -1314 -359 3790
3036330 -1199 -344 3323
3036363 -560 -78 -783
3036396 373 473 -2104
3036429 1077 272 -4948
3036461 1256 294 -4639
3036494 890 294 -2463
3036527 -21 -157 379
3036560 -926 -272 2806
3036593 -1213 -337 3970
3036625 -1105 -287 2684
3036658 -330 114 -122
3036691 639 330 -3009
3036724 1170 301 -4970
3036756 1256 337 -4761
3036789 596 21 -2564
3036822 -201 -229 437
3036855 -1084 -272 2727
3036887 -1350 -265 3991
3036920 -983 -359 2584
3036953 -201 172 -87
3036986 581 344 -2973
3037019 1170 315 -4919
3037051 1199 330 -4697
3037084 567 21 -2449
3037117 -222 -272 358
3037150 -1041 -222 2691
3037182 -1314 -244 3984
3037215 -962 -236 2684
3037248 -236 157 -173
3037281 631 359 -3002
3037313 1206 251 -4926
3037346 1242 236 -4783
3037379 588 107 -2456
3037412 -236 -222 401
3037444 -1005 -229 2785
3037477 -1371 -294 4056
3037510 -1041 -366 2749
3037543 -215 208 -79
3037576 653 344 -2995
3037608 1227 315 -4970
3037641 1177 222 -4790
3037674 581 21 -2499
3037707 -251 -222 329
3037739 -976 -215 2785
3037772 -1321 -323 3955
3037805 -1012 -308 2763
3037838 -258 258 -94
3037870 660 280 -2973
3037903 1206 315 -4948
3037936 1199 287 -4675
3037969 610 0 -2471
3038002 -193 -287 257
3038034 -1041 -229 2735
3038067 -1321 -272 3934
3038100 -947 -308 2871
3038133 -208 222 6
3038165 603 280 -2937
3038198 1192 315 -4883
3038231 1170 373 -4733
3038264 624 93 -2614
3038296 -208 -294 193
3038329 -990 -222 2691
3038362 -1371 -265 4020
3038395 -1113 -330 3058
3038428 -315 172 142
3038460 588 351 -2880
3038493 1256 394 -4704
3038526 1306 359 -4740
3038559 617 100 -2794
3038591 -229 -308 0
3038624 -1055 -287 2555
3038657 -1371 -222 4027
3038690 -1026 -229 3137
3038722 -344 86 358
3038755 524 337 -2801
3038788 1170 323 -4589
3038821 1184 344 -4725
3038854 789 122 -2966
3038886 -251 -265 -166
3038919 -990 -366 2490
3038952 -1414 -430 4077
3038985 -1141 -272 3287
3039017 -373 114 695
3039050 416 416 -2564
3039083 1084 229 -4438
3039116 1213 337 -4611
3039148 739 43 -3117
3039181 -28 -308 -338
3039214 -904 -251 2419
3039247 -1414 -402 3977
3039280 -1156 -423 3273
3039312 -509 122 961
3039345 402 423 -2399
3039378 1148 423 -4474
3039411 1220 272 -4654
3039443 904 201 -3347
3039476 -50 -323 -675
3039509 -825 -215 2404
3039542 -1299 -337 3884
3039574 -1192 -287 3237
3039607 -517 86 1090
3039640 366 330 -1982
3039673 1012 272 -4259
3039705 1299 323 -4891
3039738 861 157 -3648
3039771 78 -208 -1027
3039804 -768 -351 2124
3039837 -1314 -301 3783
3039869 -1292 -323 3366
3039902 -653 -86 1406
3039935 258 416 -1638
3039968 1048 236 -4158
3040000 1235 445 -5163
3040033 962 201 -4029
3040066 129 -186 -1350
3040099 -753 -380 1916
3040131 -1285 -301 3769
3040164 -1249 -394 3445
3040197 -718 28 1679
3040230 179 315 -1279
3040263 847 301 -3964
3040295 1278 323 -5207
3040328 1055 344 -4273
3040361 236 -165 -1508
3040394 -531 -323 1679
3040426 -1206 -402 3546
3040459 -1299 -244 3489
3040492 -861 -215 1923
3040525 -43 387 -1027
3040557 876 394 -3835
3040590 1321 344 -3447
3040623 1177 351 -4560
3040656 337 -136 -1056
3040689 -588 -251 2182
3040721 -1141 -294 3848
3040754 -1342 -308 3273
3040787 -832 -100 1428
3040820 -7 344 -1587
3040852 746 330 -4151
3040885 1278 430 -5178
3040918 976 193 -4137
3040951 208 -129 -1408
3040983 -718 -351 1744
3041016 -1328 -394 3740
3041049 -1242 -308 3431
3041082 -710 -7 1693
3041115 136 344 -1135
3041147 897 351 -3943
3041180 1321 294 -5257
3041213 1163 287 -4424
3041246 323 -179 -1702
3041278 -588 -294 1614
3041311 -1184 -387 3618
3041344 -1393 -294 3539
3041377 -811 -136 1988
3041409 43 315 -920
3041442 818 394 -3641
3041475 1278 394 -5228
3041508 1098 402 -4632
3041541 430 -28 -2018
3041573 -409 -294 947
3041606 -1177 -258 3316
3041639 -1321 -394 3797
3041672 -861 -64 2447
3041704 -78 236 -367
3041737 732 466 -3296
3041770 1249 373 -5242
3041803 1227 445 -4718
3041835 495 -129 -2349
3041868 -265 -265 580
3041901 -1077 -308 2943
3041934 -1364 -280 3905
3041966 -1012 -359 2806
3041999 -301 251 -65
3042032 653 373 -2959
3042065 1192 337 -5013
3042098 1199 323 -4754
3042130 624 71 -2708
3042163 -301 -344 78
3042196 -1012 -229 2641
3042229 -1357 -301 4077
3042261 -1120 -172 3151
3042294 -366 165 602
3042327 502 366 -2686
3042360 1120 323 -4582
3042392 1235 409 -4783
3042425 797 86 -3081
3042458 -64 -294 -324
3042491 -955 -351 2476
3042524 -1314 -438 3991
3042556 -1199 -251 3374
3042589 -488 157 1026
3042622 387 380 -2284
3042655 1098 366 -4488
3042687 1314 373 -4790
3042720 732 251 -3390
3042753 -35 -179 -668
3042786 -868 -330 2261
3042818 -1371 -344 3797
3042851 -1227 -287 3352
3042884 -703 93 1248
3042917 222 438 -1846
3042950 1113 337 -4280
3042982 1299 308 -5020
3043015 969 186 -3813
3043048 129 -165 -1192
3043081 -782 -380 2031
3043113 -1314 -258 3625
3043146 -1292 -359 3345
3043179 -739 43 1543
3043212 244 373 -1487
3043244 1019 359 -4093
3043277 1321 402 -5156
3043310 990 294 -4065
3043343 122 -157 -1401
3043376 -646 -330 1758
3043408 -1321 -337 3654
3043441 -1342 -330 3503
3043474 -746 -21 1765
3043507 129 287 -1156
3043539 919 373 -3885
3043572 1335 301 -5192
3043605 1084 287 -4345
3043638 366 -122 -1666
3043670 -502 -287 1521
3043703 -1213 -416 3503
3043736 -1306 -351 3524
3043769 -840 -86 1959
3043801 14 402 -1006
3043834 897 344 -3677
3043867 1321 344 -5099
3043900 1148 330 -4481
3043933 481 -93 -1889
3043965 -495 -265 1126
3043998 -1105 -287 3481
3044031 -1328 -301 3812
3044064 -804 -122 2354
3044096 -35 265 -604
3044129 847 416 -3440
3044162 1285 409 -5142
3044195 1098 387 -4560
3044227 502 -50 -2205
3044260 -481 -330 789
3044293 -1062 -301 3165
3044326 -1299 -308 3855
3044359 -919 -208 2476
3044391 -186 280 -381
3044424 732 445 -3182
3044457 1227 323 -5199
3044490 1242 459 -4582
3044522 517 -114 -2420
3044555 -215 -193 408
3044588 -1062 -287 2849
3044621 -1479 -344 4027
3044653 -1062 -323 2821
3044686 -330 186 -51
3044719 596 330 -2916
3044752 1271 394 -4869
3044785 1227 409 -4740
3044817 610 122 -2765
3044850 -315 -265 1909
3044883 -1034 -287 2627
3044916 -1385 -330 3675
3044948 -1019 -193 2232
3044981 -337 136 -783
3045014 488 394 -3526
3045047 3015 337 -5199
3045079 1213 280 -4488
3045112 761 -14 -2083
3045145 -409 -294 753
3045178 -1148 -294 3194
3045211 -1321 -272 3905
3045243 -947 -150 2440
3045276 -136 265 -402
3045309 696 380 -3289
3045342 1235 294 -5149
3045374 1235 402 -4690
3045407 560 7 -2363
3045440 -229 -294 415
3045473 -969 -308 2928
3045505 -1364 -380 4049
3045538 -1098 -308 2656
3045571 -265 186 -144
3045604 610 366 -2988
3045637 1235 351 -4891
3045669 1314 351 -4690
3045702 617 71 -2758
3045735 -258 -387 70
3045768 -983 -208 2756
3045800 -1292 -272 4149
3045833 -983 -229 3015
3045866 -359 122 286
3045899 653 351 -2765
3045931 1192 387 -4661
3045964 1156 402 -4761
3045997 667 93 -3038
3046030 -129 -244 -194
3046062 -1019 -287 2469
3046095 -1350 -366 3998
3046128 -1120 -452 3338
3046161 -459 28 911
3046194 445 351 -2399
3046226 1077 301 -4496
3046259 1256 301 -4804
3046292 811 114 -3311
3046325 7 -287 -539
3046357 -976 -366 2483
3046390 -1306 -337 3819
3046423 -1192 -287 3331
3046456 -631 28 1169
3046488 330 366 -1961
3046521 1105 244 -4244
3046554 1328 330 -4876
3046587 890 215 -3713
3046620 78 -272 -999
3046652 -847 -344 2232
3046685 -1364 -394 3733
3046718 -1350 -402 3331
3046751 -703 -28 1499
3046783 244 315 -1508
3046816 1048 315 -4165
3046849 1292 430 -5178
3046882 1012 193 -4172
3046914 186 -215 -1322
3046947 -739 -344 1801
3046980 -1263 -416 3632
3047013 -1242 -366 3431
3047046 -768 -14 1686
3047078 193 294 -1128
3047111 990 423 -4036
3047144 1350 272 -5221
3047177 1012 330 -4295
3047209 280 -179 -1638
3047242 -567 -258 1514
3047275 -1227 -366 3517
3047308 -1299 -280 3596
3047340 -825 -114 2081
3047373 57 330 -905
3047406 840 380 -3770
3047439 1350 488 -5120
3047472 1120 323 -4503
3047504 394 -50 -1889
3047537 -438 -301 1033
3047570 -1148 -258 3374
3047603 -1285 -380 3740
3047635 -962 -100 2404
3047668 -71 258 -453
3047701 789 466 -3426
3047734 1306 280 -5300
3047766 1213 445 -4690
3047799 517 -14 -2205
3047832 -323 -287 595
3047865 -1098 -337 3029
3047897 -1357 -330 3963
3047930 -1005 -208 2634
3047963 -251 143 -173
3047996 725 366 -3031
3048029 1235 265 -4948
3048061 1227 323 -4646
3048094 581 50 -2607
3048127 -272 -351 -22
3048160 -1041 -236 2727
3048192 -1357 -251 4106
3048225 -1084 -236 3230
3048258 -301 136 408
3048291 524 330 -2808
3048323 1213 301 -4560
3048356 1170 366 -4697
3048389 775 35 -3103
3048422 -86 -229 -230
3048455 -1026 -280 2469
3048487 -1385 -402 4027
3048520 -1177 -409 3331
3048553 -481 93 968
3048586 359 380 -2341
3048618 1141 330 -4503
3048651 1271 459 -4862
3048684 840 208 -3569
3048717 64 -222 -833
3048749 -868 -337 2289
3048782 -1350 -366 3869
3048815 -1314 -287 3366
3048848 -631 28 1270
3048881 337 337 -1781
3048913 1077 294 -4216
3048946 1271 380 -5092
3048979 983 193 -3950
3049012 165 -265 -1250
3049044 -804 -315 3862
3049077 -1278 -344 5463
3049110 -1271 -337 3345
3049143 -753 35 896
3049175 143 315 -2384
3049208 940 337 -4503
3049241 1242 323 -4754
3049274 1005 122 -3339
3049307 287 -251 -604
3049339 -588 -208 2419
3049372 -1414 -387 3884
3049405 -1235 -323 3295
3049438 -675 28 1162
3049470 287 380 -1903
3049503 1062 315 -4338
3049536 1271 330 -4955
3049569 854 157 -3763
3049601 57 -186 -1128
3049634 -797 -373 2196
3049667 -1256 -258 3747
3049700 -1321 -366 3280
3049733 -660 -7 1543
3049765 229 330 -1508
3049798 983 308 -4022
3049831 1285 394 -5192
3049864 904 229 -4129
3049896 315 -143 -1494
3049929 -725 -280 1744
3049962 -1263 -438 3553
3049995 -1285 -265 3510
3050027 -804 -21 1765
3050060 57 308 -1070
3050093 933 308 -3957
3050126 1285 380 -5221
3050158 1034 394 -4431
3050191 394 -136 -1781
3050224 -502 -315 1428
3050257 -1163 -330 3524
3050290 -1328 -330 3718
3050322 -847 -122 2160
3050355 50 308 -776
3050388 825 337 -3526
3050421 1328 359 -5135
3050453 1148 380 -4496
3050486 488 -43 -2119
3050519 -452 -351 860
3050552 -1105 -301 3252
3050584 -1342 -330 3876
3050617 -947 -157 2368
3050650 -129 236 -359
3050683 718 473 -3203
3050716 1314 294 -5084
3050748 1299 459 -4740
3050781 567 -86 -2485
3050814 -330 -150 415
3050847 -1098 -294 2849
3050879 -1350 -323 4020
3050912 -1034 -258 2979
3050945 -287 193 157
3050978 596 452 -2937
3051010 1299 459 -4711
3051043 1148 323 -4819
3051076 710 71 -2952
3051109 -136 -308 -158
3051142 -1019 -394 2534
3051174 -1364 -517 4099
3051207 -1098 -344 3338
3051240 -459 122 875
3051273 445 416 -2442
3051305 1141 351 -4589
3051338 1220 301 -4768
3051371 818 136 -3404
3051404 -71 -301 -481
3051436 -847 -308 2433
3051469 -1378 -416 3927
3051502 -1314 -330 3223
3051535 -660 43 1270
3051568 294 351 -1831
3051600 1019 280 -4280
3051633 1227 265 -4984
3051666 897 157 -3720
3051699 14 -229 -1142
3051731 -682 -351 2088
3051764 -1271 -308 3726
3051797 -1342 -387 3302
3051830 -718 -28 1593
3051862 236 308 -1358
3051895 1026 430 -4101
3051928 1335 373 -5171
3051961 976 222 -4043
3051993 222 -93 -1429
3052026 -567 -258 1693
3052059 -1306 -387 3575
3052092 -1378 -280 3453
3052125 -775 -86 1866
3052157 0 287 -1063
3052190 983 394 -3936
3052223 1328 359 -5214
3052256 1069 330 -4417
3052288 373 -114 -1824
3052321 -560 -280 1119
3052354 -1184 -315 3532
3052387 -1335 -402 3747
3052419 -861 -57 2182
3052452 -93 208 -647
3052485 840 308 -3462
3052518 1350 402 -5185
3052551 1170 438 -4654
3052583 552 -86 -2205
3052616 -344 -287 688
3052649 -1098 -315 3022
3052682 -1321 -387 4056
3052714 -1019 -229 2591
3052747 -265 265 -259
3052780 725 416 -3031
3052813 1184 337 -4955
3052845 1235 344 -4711
3052878 610 93 -2621
3052911 -236 -280 121
3052944 -983 -251 2677
3052977 -1371 -308 4135
3053009 -1034 -287 3130
3053042 -351 57 401
3053075 538 366 -2672
3053108 1184 301 -4560
3053140 1213 409 -4697
3053173 746 -7 -3103
3053206 -143 -258 -381
3053239 -897 -337 2483
3053271 -1429 -373 4006
3053304 -1206 -445 3331
3053337 -466 100 -826
3053370 337 308 -2270
3053403 1019 430 -5092
3053435 1242 387 -4697
3053468 890 172 -2485
3053501 50 -244 200
3053534 -876 -186 2727
3053566 -1321 -287 4070
3053599 -1278 -272 3137
3053632 -323 93 322
3053665 581 366 -2858
3053697 1156 323 -4646
3053730 1156 380 -4740
3053763 675 129 -3045
3053796 -172 -323 -209
3053829 -1019 -402 2519
3053861 -1371 -430 4120
3053894 -1192 -337 3352
3053927 -538 107 925
3053960 387 359 -2313
3053992 1069 430 -4460
3054025 1249 337 -4704
3054058 904 287 -3411
3054091 -28 -280 -841
3054123 -904 -373 2340
3054156 -1407 -323 3927
3054189 -1220 -380 3374
3054222 -675 -21 1306
3054254 201 459 -1760
3054287 1034 344 -4223
3054320 1170 373 -5171
3054353 911 122 -3921
3054386 122 -208 -1264
3054418 -675 -323 1995
3054451 -1314 -244 3754
3054484 -1285 -423 3359
3054517 -753 114 1665
3054549 107 272 -1221
3054582 919 359 -4079
3054615 1335 301 -5214
3054648 1098 330 -4338
3054680 330 -78 -1623
3054713 -560 -351 1636
3054746 -1285 -423 3568
3054779 -1350 -244 3546
3054812 -718 -93 2067
3054844 50 229 -884
3054877 825 280 -3663
3054910 1292 466 -5199
3054943 1120 394 -4639
3054975 423 -107 -2061
3055008 -459 -258 846
3055041 -1141 -387 3302
3055074 -1393 -280 3848
3055106 -969 -157 2562
3055139 -150 236 -324
3055172 753 402 -3174
3055205 1335 380 -5163
3055238 1192 473 -4862
3055270 667 -21 -2614
3055303 -287 -301 293
3055336 -1170 -222 2828
3055369 -1421 -215 4063
3055401 -1019 -308 3201
3055434 -337 136 264
3055467 545 402 -2837
3055500 1148 315 -4596
3055532 1263 366 -4733
3055565 689 43 -3203
3055598 -179 -301 -280
3055631 -1041 -301 2476
3055664 -1443 -315 3984
3055696 -1199 -438 3352
3055729 -596 86 1097
3055762 394 280 -2147
3055795 1105 337 -4374
3055827 1292 359 -4883
3055860 840 201 -3684
3055893 14 -251 -869
3055926 -832 -351 2253
3055958 -1314 -359 3747
3055991 -1278 -394 3381
3056024 -689 -57 1557
3056057 208 380 -1458
3056089 1062 373 -4115
3056122 1328 430 -5278
3056155 1019 301 -4230
3056188 366 -100 -1401
3056221 -624 -229 1693
3056253 -1235 -466 3532
3056286 -1364 -280 3589
3056319 -804 -165 1995
3056352 50 351 -1056
3056384 911 459 -3835
3056417 1378 445 -5329
3056450 1177 337 -4546
3056483 459 21 -1968
3056515 -402 -193 882
3056548 -1177 -280 3230
3056581 -1357 -380 3955
3056614 -962 -136 2534
3056647 -150 150 -381
3056679 782 445 -3318
3056712 1242 380 -5228
3056745 1156 380 -4754
3056778 588 -86 -2521
3056810 -208 -222 228
3056843 -1062 -287 2735
3056876 -1342 -351 4156
3056909 -1120 -287 3158
3056941 -337 136 171
3056974 517 394 -2858
3057007 1177 445 -4560
3057040 1184 394 -4711
3057073 746 43 -3174
3057105 -143 -287 -331
3057138 -933 -344 2498
3057171 -1421 -344 4099
3057204 -1184 -409 3352
3057236 -653 43 1133
3057269 430 387 -2061
3057302 1084 280 -4266
3057335 1235 380 -4970
3057367 876 157 -3763
3057400 71 -287 -1128
3057433 -761 -330 2289
3057466 -1321 -351 3797
3057499 -1292 -387 3359
3057531 -746 -7 1586
3057564 215 215 -3196
3057597 976 373 -3993
3057630 1364 373 -5156
3057662 1019 265 -3404
3057695 315 -129 -589
3057728 -545 -179 2354
3057761 -1256 -459 3898
3057793 -1357 -272 3388
3057826 -818 50 1291
3057859 373 301 -1817
3057892 1041 265 -4266
3057925 1299 445 -5163
3057957 919 136 -4079
3057990 129 -215 -1415
3058023 -739 -308 1894
3058056 -1357 -308 3661
3058088 -1306 -258 3596
3058121 -739 28 1837
3058154 107 301 -1121
3058187 926 445 -3914
3058219 1321 416 -5336
3058252 1156 323 -4560
3058285 387 -136 -1853
3058318 -531 -258 1176
3058350 -1163 -359 3489
3058383 -1350 -423 3848
3058416 -955 -50 2354
3058449 -71 251 -575
3058482 732 517 -3454
3058514 1285 380 -5300
3058547 1199 509 -4661
3058580 531 -107 -2435
3058613 -265 -265 408
3058645 -1034 -323 2849
3058678 -1321 -351 4049
3058711 -1069 -308 2957
3058744 -380 244 157
3058776 596 409 -2916
3058809 1299 373 -4733
3058842 1170 380 -4747
3058875 646 35 -3074
3058908 -186 -287 -324
3058940 -1012 -258 2562
3058973 -1285 -380 4006
3059006 -1271 -430 3431
3059039 -545 71 1047
3059071 394 315 -2090
3059104 1113 359 -4237
3059137 1314 315 -4847
3059170 962 236 -3720
3059202 78 -222 -1013
3059235 -840 -301 2297
3059268 -1314 -323 3812
3059301 -1314 -402 3359
3059334 -667 -7 1701
3059366 308 315 -1365
3059399 1055 387 -4137
3059432 1321 366 -5365
3059465 1098 330 -4330
3059497 394 -179 -1544
3059530 -610 -294 1600
3059563 -1256 -416 3582
3059596 -1263 -272 3632
3059628 -861 -93 2038
3059661 78 272 -819
3059694 854 351 -3677
3059727 1342 380 -5357
3059760 1156 308 -4603
3059792 459 -14 -2047
3059825 -394 -359 774
3059858 -1170 -366 3043
3059891 -1393 -359 3869
3059923 -990 -201 2684
3059956 -165 229 -223
3059989 646 430 -3160
3060022 1256 308 -4984
3060054 1148 330 -4740
3060087 617 -28 -2715
3060120 -258 -394 70
3060153 -1084 -308 2548
3060185 -1385 -409 4120
3060218 -1177 -222 3295
3060251 -351 143 616
3060284 416 373 -2593
3060317 1156 366 -4567
3060349 1271 251 -4740
3060382 883 136 -3311
3060415 -157 -236 -568
3060448 -926 -394 2469
3060480 -1357 -452 3955
3060513 -1227 -280 3431
3060546 -667 21 1212
3060579 244 359 -1853
3060611 1012 287 -4223
3060644 1357 344 -5120
3060677 919 165 -3964
3060710 122 -222 -1264
3060743 -725 -359 1959
3060775 -1235 -344 3740
3060808 -1314 -380 3474
3060841 -804 28 1794
3060874 122 258 -1164
3060906 897 323 -3979
3060939 1364 416 -5300
3060972 1069 373 -4453
3061005 373 -165 -1781
3061037 -495 -330 1399
3061070 -1199 -330 3467
3061103 -1314 -344 3740
3061136 -775 -100 2225
3061169 21 236 -733
3061201 832 330 -3576
3061234 1321 394 -5271
3061267 1148 416 -4560
3061300 452 -21 -2327
3061332 -272 -394 659
3061365 -1055 -308 3029
3061398 -1314 -366 3934
3061431 -998 -244 2670
3061463 -301 294 -230
3061496 646 373 -3024
3061529 1263 466 -4955
3061562 1156 337 -4733
3061595 624 7 -2815
3061627 -258 -301 0
3061660 -1077 -323 2663
3061693 -1357 -344 4106
3061726 -1098 -265 3201
3061758 -359 93 494
3061791 509 466 -4481
3061824 1113 330 -6327
3061857 1242 308 -4704
3061889 775 86 -2212
3061922 -100 -229 595
3061955 -962 -251 2835
3061988 -1479 -244 4020
3062020 -1148 -323 2670
3062053 1271 265 -237
3062086 387 452 -2995
3062119 1249 359 -4934
3062152 1184 423 -4725
3062184 624 193 -2708
3062217 -301 -330 63
3062250 -1005 -294 2620
3062283 -1357 -366 4070
3062315 -1055 -136 3295
3062348 -394 107 465
3062381 495 323 -2693
3062414 1170 272 -4524
3062446 1314 416 -4704
3062479 753 57 -3225
3062512 -86 -272 -402
3062545 -976 -280 2426
3062578 -1328 -387 3977
3062610 -1227 -394 3374
3062643 -574 7 1061
3062676 423 351 -2104
3062709 1084 280 -4366
3062741 1285 452 -4833
3062774 847 301 -3720
3062807 50 -287 -970
3062840 -911 -337 2304
3062872 -1306 -280 3805
3062905 -1350 -416 3302
3062938 -739 -157 1478
3062971 165 366 -1566
3063004 1012 265 -4122
3063036 1292 466 -5199
3063069 940 215 -4122
3063102 193 -93 -1322
