% Ejemplo de vibracion libre de viga en voladizo
% Cargar con plot_acel()
% --------------------------------
393059 0 -64 -582
393067 -93 -14 -704
393100 -43 78 -611
393132 28 -7 -553
393165 -21 -21 -654
393198 0 -64 -618
393231 28 50 -618
393264 7 -21 -589
393296 -35 -14 -510
393329 -7 50 -589
393362 7 -28 -647
393395 -7 57 -525
393427 -57 71 -632
393460 -14 -14 -568
393493 -43 -7 -625
393526 -28 78 -604
393558 7 14 -503
393591 -71 -21 -589
393624 -93 50 -618
393657 -50 86 -582
393689 -93 43 -596
393722 14 0 -668
393755 -7 -50 -560
393788 -50 -7 -532
393821 -28 7 -582
393853 0 28 -632
393886 7 0 -596
393919 -107 21 -589
393952 -50 -7 -668
393984 -43 50 -625
394017 -43 7 -575
394050 -50 50 -625
394083 -28 35 -596
394115 -64 -14 -604
394148 -71 0 -525
394181 -71 71 -525
394214 -57 -35 -582
394247 -21 64 -675
394279 -78 57 -532
394312 71 -21 -618
394345 -7 -21 -560
394378 -28 57 -639
394410 57 21 -604
394443 -14 57 -539
394476 -71 35 -618
394509 50 50 -661
394541 -64 7 -625
394574 14 -43 -675
394607 -71 -35 -532
394640 -50 21 -525
394673 -14 14 -625
394705 -50 86 -553
394738 -86 78 -503
394771 -78 -78 -546
394804 28 -7 -575
394836 -21 7 -596
394869 -43 93 -525
394902 -122 -14 -560
394935 -35 71 -618
394967 7 -21 -618
395000 -28 21 -503
395033 0 -28 -604
395066 -21 -43 -575
395099 -57 86 -496
395131 21 28 -618
395164 28 35 -625
395197 -35 -43 -604
395230 -14 -21 -532
395262 -57 14 -625
395295 -57 7 -675
395328 7 -28 -647
395361 -50 -28 -517
395393 -7 -21 -510
395426 0 50 -604
395459 -43 -71 -654
395492 -21 35 -618
395525 -71 -7 -560
395557 -35 -28 -632
395590 -64 -7 -639
395623 -7 -35 -618
395656 -7 -21 -510
395688 -50 78 -431
395721 -14 -86 -661
395754 -21 -7 -675
395787 0 -78 -503
395819 -100 -28 -481
395852 64 28 -625
395885 -14 50 -762
395918 0 28 -776
395950 -93 -7 -604
395983 -107 14 -431
396016 35 0 -697
396049 -7 7 -683
396082 -136 50 -553
396114 -122 7 -525
396147 -57 -7 -618
396180 0 78 -625
396213 -35 -14 -517
396245 -14 107 -553
396278 -43 50 -654
396311 -7 0 -647
396344 -21 14 -553
396376 -21 64 -589
396409 -64 -14 -618
396442 -93 -21 -575
396475 -28 28 -647
396508 28 -43 -582
396540 0 -21 -575
396573 -35 14 -625
396606 0 -21 -683
396639 -129 64 -589
396671 43 50 -661
396704 -21 -14 -668
396737 -50 7 -560
396770 -100 43 -525
396802 -71 -64 -560
396835 -28 -14 -553
396868 -86 -14 -618
396901 -43 -43 -575
396934 -78 14 -517
396966 -35 21 -647
396999 -21 21 -632
397032 14 -86 -618
397065 -28 14 -560
397097 -50 -21 -546
397130 -57 28 -503
397163 35 35 -560
397196 -71 100 -654
397228 -57 -7 -611
397261 -78 78 -539
397294 14 86 -503
397327 57 -7 -596
397360 50 7 -611
397392 -14 71 -582
397425 0 -7 -525
397458 -114 -57 -654
397491 0 -7 -596
397523 -14 57 -582
397556 21 0 -611
397589 -64 7 -618
397622 -71 7 -639
397654 93 -28 -582
397687 64 14 -532
397720 -21 35 -632
397753 -143 -7 -683
397785 -86 71 -582
397818 28 43 -539
397851 -7 14 -604
397884 28 -21 -575
397917 0 -50 -589
397949 -7 -35 -661
397982 21 -43 -568
398015 -64 50 -539
398048 -78 14 -668
398080 -21 50 -632
398113 -78 -21 -553
398146 -14 57 -575
398179 -57 43 -546
398211 -35 -14 -675
398244 -57 -43 -618
398277 21 57 -604
398310 -28 -14 -546
398343 -71 -28 -654
398375 -86 14 -618
398408 -21 64 -553
398441 7 -129 -532
398474 0 0 -604
398506 -57 14 -625
398539 -57 -43 -661
398572 -14 7 -532
398605 28 -7 -568
398637 -35 -21 -726
398670 -14 0 -546
398703 -28 14 -582
398736 -35 35 -596
398769 -57 21 -568
398801 -7 -57 -596
398834 14 -7 -611
398867 -35 21 -546
398900 -78 -28 -575
398932 -43 0 -690
398965 -71 14 -683
398998 -14 -43 -560
399031 -21 -43 -582
399063 -150 0 -668
399096 -57 -14 -661
399129 -35 43 -546
399162 -50 7 -589
399195 -7 57 -575
399227 28 21 -639
399260 57 14 -582
399293 -78 57 -589
399326 -50 35 -647
399358 -21 -14 -517
399391 -57 35 -625
399424 -21 -21 -553
399457 -14 43 -539
399489 -43 35 -510
399522 -43 71 -467
399555 -43 35 -589
399588 -14 28 -604
399621 -14 -21 -553
399653 -43 -14 -553
399686 -100 93 -611
399719 -57 -14 -697
399752 -28 21 -589
399784 -14 93 -517
399817 -71 -21 -589
399850 0 7 -654
399883 -28 -7 -546
399915 -35 -28 -546
399948 -35 -14 -489
399981 -43 57 -661
400014 -28 0 -690
400046 43 14 -525
400079 -14 57 -539
400112 -57 35 -596
400145 -7 -28 -632
400178 -71 -43 -568
400210 -71 -7 -596
400243 -57 -50 -604
400276 21 14 -596
400309 -71 28 -596
400341 -100 64 -546
400374 0 35 -510
400407 7 -7 -611
400440 -21 50 -560
400472 21 28 -654
400505 -21 0 -589
400538 35 -43 -568
400571 0 93 -575
400604 -71 28 -668
400636 0 0 -654
400669 -21 0 -654
400702 -71 -21 -510
400735 -64 14 -632
400767 -57 -14 -546
400800 -64 43 -546
400833 -78 43 -589
400866 86 35 -625
400898 -93 71 -625
400931 -57 -57 -596
400964 -28 35 -604
400997 -35 78 -582
401030 -28 71 -596
401062 -7 50 -553
401095 -43 71 -539
401128 -78 35 -625
401161 -14 93 -647
401193 -28 -21 -668
401226 -57 35 -546
401259 -57 -7 -546
401292 -64 78 -611
401324 -28 50 -690
401357 100 57 -589
401390 -14 14 -632
401423 -64 -7 -639
401456 -21 78 -675
401488 -35 -7 -582
401521 -157 93 -575
401554 -50 50 -517
401587 14 -21 -575
401619 -86 -43 -596
401652 -28 28 -517
401685 -93 -43 -596
401718 -28 64 -704
401750 -14 35 -611
401783 0 -7 -525
401816 -28 -71 -546
401849 7 43 -553
401881 -28 57 -611
401914 -21 28 -568
401947 -57 7 -553
401980 -43 57 -539
402013 -78 -7 -639
402045 -43 28 -718
402078 -64 21 -568
402111 -86 14 -604
402144 -14 28 -532
402176 -28 7 -596
402209 -86 57 -654
402242 -57 7 -596
402275 -50 78 -632
402307 -35 0 -568
402340 -43 -7 -661
402373 21 -7 -539
402406 14 14 -503
402439 -64 -7 -625
402471 -78 64 -568
402504 -150 -14 -596
402537 -78 21 -539
402570 0 0 -560
402602 -78 -43 -568
402635 -57 21 -639
402668 -7 -14 -582
402701 -57 7 -596
402733 -7 -28 -582
402766 -7 -57 -611
402799 14 35 -596
402832 -43 28 -539
402865 -35 35 -596
402897 -57 57 -661
402930 -43 35 -647
402963 -7 0 -611
402996 -28 -100 -510
403028 7 7 -704
403061 -14 0 -525
403094 -71 14 -632
403127 -21 -71 -568
403159 0 14 -675
403192 -7 28 -611
403225 -43 14 -589
403258 -57 28 -560
403291 -71 107 -560
403323 21 50 -589
403356 -107 -21 -575
403389 43 0 -625
403422 -28 -43 -589
403454 -35 -14 -596
403487 -21 7 -618
403520 -14 35 -589
403553 -14 -28 -575
403585 -21 7 -589
403618 14 28 -510
403651 -107 21 -568
403684 7 -7 -647
403716 -21 -71 -596
403749 -14 71 -596
403782 -57 -14 -611
403815 28 57 -517
403848 -43 -43 -611
403880 -93 43 -525
403913 -14 28 -560
403946 35 21 -589
403979 -7 -21 -589
404011 -35 43 -596
404044 -50 -57 -611
404077 0 43 -517
404110 -28 14 -596
404142 -114 14 -625
404175 -78 7 -568
404208 -35 14 -553
404241 -14 14 -575
404274 0 21 -575
404306 -14 -64 -604
404339 21 43 -611
404372 -71 14 -532
404405 -64 50 -639
404437 -14 21 -604
404470 7 7 -582
404503 -28 0 -525
404536 -28 -43 -560
404568 -43 -35 -596
404601 -93 -28 -582
404634 -35 50 -654
404667 -35 50 -589
404700 -50 14 -560
404732 -93 -35 -582
404765 -57 71 -553
404798 7 -7 -575
404831 -14 50 -683
404863 -7 -114 -553
404896 14 28 -575
404929 -86 43 -661
404962 -86 -64 -683
404994 0 71 -618
405027 -50 0 -560
405060 -86 -35 -568
405093 -21 0 -532
405126 -78 21 -625
405158 7 -43 -568
405191 -43 -14 -503
405224 57 0 -632
405257 64 57 -568
405289 -28 129 -525
405322 -7 -43 -582
405355 14 28 -596
405388 14 57 -611
405420 -21 35 -611
405453 -43 21 -647
405486 43 86 -582
405519 -43 64 -553
405552 -57 93 -539
405584 14 21 -575
405617 -14 -14 -618
405650 7 21 -525
405683 -165 14 -532
405715 -57 -35 -639
405748 21 7 -704
405781 -86 86 -596
405814 -28 7 -539
405846 -21 50 -618
405879 -71 7 -632
405912 -93 -7 -618
405945 14 -57 -503
405977 -86 -14 -575
406010 -43 -21 -553
406043 -100 14 -611
406076 -28 86 -553
406109 -50 71 -553
406141 -86 -28 -639
406174 50 0 -596
406207 -35 28 -625
406240 -64 -7 -553
406272 -57 21 -604
406305 -43 57 -568
406338 -78 114 -604
406371 -7 50 -553
406403 -7 -28 -532
406436 -28 -7 -632
406469 -71 7 -625
406502 -57 21 -604
406535 -21 64 -503
406567 -7 14 -575
406600 -64 -7 -668
406633 -50 43 -654
406666 -78 50 -589
406698 -43 -43 -618
406731 14 14 -618
406764 -50 7 -589
406797 0 78 -582
406829 -86 64 -611
406862 -14 -35 -568
406895 -21 57 -632
406928 -50 -35 -568
406961 -93 7 -596
406993 7 21 -589
407026 -50 -14 -546
407059 -57 28 -611
407092 7 114 -611
407124 -157 50 -568
407157 -7 28 -582
407190 28 21 -618
407223 -57 43 -632
407255 -35 14 -568
407288 78 -21 -510
407321 -43 0 -639
407354 -43 43 -611
407387 -122 7 -560
407419 -28 -50 -546
407452 -21 64 -596
407485 -14 43 -582
407518 0 14 -639
407550 -21 14 -546
407583 -50 -7 -604
407616 -14 28 -589
407649 -64 28 -604
407681 -21 14 -639
407714 -107 -64 -575
407747 -14 57 -596
407780 -14 43 -604
407813 43 -35 -683
407845 43 21 -690
407878 -64 0 -589
407911 -43 -35 -532
407944 -35 21 -596
407976 21 43 -596
408009 57 28 -560
408042 -35 43 -611
408075 -114 0 -568
408107 -78 -21 -596
408140 -21 -64 -589
408173 50 50 -560
408206 -93 43 -632
408238 -7 -28 -611
408271 0 -7 -654
408304 -21 21 -611
408337 -71 78 -575
408370 -71 57 -611
408402 -35 21 -675
408435 14 -14 -611
408468 -21 114 -632
408501 -78 50 -582
408533 14 86 -654
408566 -7 7 -639
408599 -14 14 -647
408632 7 -93 -546
408664 -43 21 -568
408697 -28 57 -632
408730 28 43 -575
408763 -21 -35 -568
408796 -21 43 -618
408828 14 -35 -618
408861 -14 -21 -596
408894 -21 43 -596
408927 -14 21 -575
408959 -7 64 -596
408992 28 0 -596
409025 28 57 -596
409058 -93 -35 -575
409090 -71 -7 -582
409123 14 14 -618
409156 28 35 -517
409189 14 7 -575
409222 -50 7 -546
409254 -64 14 -560
409287 -57 -43 -625
409320 -107 28 -625
409353 -14 43 -582
409385 0 57 -560
409418 -28 21 -568
409451 -64 21 -546
409484 -93 -35 -489
409516 -43 14 -575
409549 -14 57 -539
409582 -35 50 -625
409615 -14 57 -575
409648 -7 14 -575
409680 -100 57 -604
409713 -21 71 -683
409746 -136 50 -582
409779 71 -14 -575
409811 -28 93 -568
409844 -7 21 -596
409877 -50 35 -668
409910 -50 -35 -568
409942 -64 0 -611
409975 -57 35 -568
410008 -35 -21 -704
410041 14 14 -647
410073 -14 -7 -553
410106 43 0 -604
410139 -71 50 -546
410172 -14 -14 -618
410205 7 21 -553
410237 -14 7 -596
410270 28 -86 -654
410303 -86 14 -582
410336 -71 64 -568
410368 57 -7 -604
410401 14 -7 -711
410434 -28 93 -568
410467 14 43 -632
410499 -50 14 -568
410532 14 -28 -647
410565 -64 50 -553
410598 -71 -14 -632
410631 -28 -35 -611
410663 28 -14 -539
410696 -71 0 -539
410729 21 -50 -546
410762 -57 -14 -683
410794 0 0 -510
410827 21 50 -568
410860 -7 7 -639
410893 -50 0 -654
410925 -57 21 -560
410958 -57 7 -539
410991 -43 7 -525
411024 57 50 -604
411057 0 43 -604
411089 -78 50 -532
411122 14 -7 -553
411155 -43 35 -596
411188 -107 57 -546
411220 21 0 -611
411253 7 14 -503
411286 -71 43 -647
411319 0 64 -589
411351 43 14 -596
411384 -14 78 -510
411417 50 7 -582
411450 -114 -21 -704
411483 -35 -35 -611
411515 7 14 -575
411548 0 114 -532
411581 -100 -14 -546
411614 -78 28 -604
411646 28 71 -683
411679 -93 78 -639
411712 -78 -14 -510
411745 0 -64 -582
411777 -43 28 -604
411810 -14 -43 -668
411843 -21 50 -546
411876 -50 93 -589
411909 -35 0 -589
411941 -7 -28 -654
411974 21 7 -568
412007 -7 -71 -589
412040 0 -43 -560
412072 57 -71 -575
412105 -7 -57 -632
412138 7 14 -618
412171 -21 -71 -596
412203 -21 -21 -510
412236 50 129 -639
412269 -114 57 -639
412302 -86 43 -596
412334 0 7 -517
412367 -35 28 -589
412400 -143 0 -654
412433 -71 21 -546
412466 -57 93 -539
412498 -21 57 -575
412531 -78 57 -575
412564 -57 -35 -467
412597 -71 -35 -539
412629 -21 0 -575
412662 -35 14 -539
412695 -122 50 -632
412728 -35 -21 -618
412760 21 50 -568
412793 0 -21 -647
412826 28 -35 -582
412859 -28 28 -611
412892 -64 93 -654
412924 -57 107 -560
412957 14 21 -589
412990 -35 0 -604
413023 -21 71 -582
413055 -64 -35 -568
413088 -7 21 -560
413121 50 57 -704
413154 14 136 -553
413186 -21 64 -553
413219 -43 35 -618
413252 -43 21 -639
413285 0 -21 -596
413318 21 50 -596
413350 -50 -7 -568
413383 -21 -14 -683
413416 -100 86 -625
413449 -78 0 -611
413481 28 -28 -625
413514 -21 21 -560
413547 7 -43 -625
413580 -43 14 -611
413612 -7 86 -560
413645 64 -28 -639
413678 7 28 -625
413711 21 -14 -568
413744 21 71 -560
413776 -64 114 -625
413809 -43 64 -560
413842 -57 -7 -618
413875 -14 0 -582
413907 -43 -43 -575
413940 -28 28 -604
413973 -57 35 -639
414006 78 64 -618
414038 -78 -7 -675
414071 -107 7 -596
414104 -50 -35 -604
414137 7 0 -589
414169 -14 0 -675
414202 -64 21 -446
414235 7 7 -532
414268 7 43 -589
414301 -21 64 -604
414333 7 64 -546
414366 -14 14 -525
414399 28 14 -625
414432 -78 -7 -611
414464 -43 -7 -647
414497 -35 7 -474
414530 -35 -43 -575
414563 7 71 -589
414595 -57 43 -604
414628 -50 43 -546
414661 -28 0 -481
414694 -7 21 -611
414727 -14 -14 -697
414759 -28 -28 -553
414792 -50 -35 -575
414825 -35 21 -503
414858 -50 50 -625
414890 -50 14 -596
414923 -43 -43 -589
414956 14 64 -575
414989 -71 14 -618
415021 -64 78 -546
415054 43 14 -582
415087 -50 50 -553
415120 -107 -7 -532
415153 -35 50 -647
415185 -21 114 -654
415218 -21 21 -639
415251 -28 0 -632
415284 -14 21 -611
415316 -57 14 -661
415349 -28 7 -604
415382 -43 14 -532
415415 0 -7 -611
415447 -86 -14 -675
415480 -71 14 -604
415513 -43 14 -460
415546 -21 21 -532
415579 0 71 -647
415611 -57 -14 -618
415644 -35 -7 -589
415677 21 14 -546
415710 -7 -21 -654
415742 -78 -57 -654
415775 -28 21 -568
415808 21 35 -596
415841 -7 50 -589
415873 -35 50 -589
415906 -7 14 -582
415939 -28 -14 -575
415972 -28 43 -575
416004 -7 50 -647
416037 -43 -35 -654
416070 -35 -14 -611
416103 -7 71 -474
416136 -14 28 -639
416168 -93 43 -668
416201 -14 28 -575
416234 35 50 -546
416267 -57 64 -503
416299 21 -35 -611
416332 -50 0 -582
416365 -35 -7 -647
416398 -50 0 -510
416430 -43 -7 -510
416463 14 107 -503
416496 0 35 -560
416529 28 28 -560
416562 -71 50 -568
416594 0 14 -517
416627 -57 50 -611
416660 -28 35 -604
416693 -43 93 -510
416725 -28 28 -560
416758 -21 7 -596
416791 -7 0 -604
416824 -14 35 -589
416856 -21 28 -575
416889 35 28 -539
416922 -14 43 -668
416955 -7 -7 -632
416988 -21 -7 -568
417020 -78 50 -532
417053 21 -21 -553
417086 -21 0 -589
417119 57 0 -560
417151 -71 78 -553
417184 35 7 -582
417217 0 -43 -668
417250 -28 35 -596
417282 -28 -21 -589
417315 -14 7 -589
417348 28 71 -604
417381 0 57 -625
417414 -14 0 -575
417446 -14 28 -596
417479 -14 86 -568
417512 -57 57 -525
417545 7 50 -589
417577 -86 35 -539
417610 -78 -78 -596
417643 -35 50 -647
417676 0 -14 -632
417708 -50 71 -632
417741 7 14 -553
417774 -35 -50 -532
417807 -43 -35 -532
417840 -43 64 -654
417872 -21 -35 -575
417905 -14 -57 -604
417938 -14 14 -575
417971 -35 100 -618
418003 35 64 -589
418036 -136 21 -546
418069 -28 -28 -575
418102 -14 71 -647
418134 7 93 -647
418167 -28 21 -611
418200 14 28 -639
418233 -129 -35 -568
418265 0 -71 -697
418298 -78 0 -611
418331 -57 -7 -625
418364 -7 21 -517
418397 -57 -7 -589
418429 7 7 -546
418462 7 -7 -560
418495 -43 93 -589
418528 35 14 -654
418560 -50 0 -611
418593 -50 -21 -596
418626 -7 -21 -539
418659 -43 21 -575
418691 -14 0 -618
418724 7 -43 -546
418757 14 64 -553
418790 -50 0 -532
418823 7 -28 -604
418855 7 0 -632
418888 14 43 -568
418921 -64 -14 -546
418954 -21 28 -575
418986 -78 -7 -582
419019 -7 -57 -647
419052 -7 -35 -453
419085 -129 28 -553
419117 -50 35 -568
419150 14 21 -596
419183 43 -7 -560
419216 -7 0 -568
419249 -28 -7 -596
419281 -35 -35 -661
419314 -71 7 -568
419347 50 -14 -546
419380 14 -14 -553
419412 -93 -7 -618
419445 14 -21 -618
419478 -64 143 -582
419511 93 0 -568
419543 21 -64 -632
419576 -43 21 -568
419609 -50 7 -582
419642 -35 -7 -496
419675 -93 57 -553
419707 7 35 -596
419740 -28 71 -625
419773 50 64 -604
419806 0 -7 -474
419838 -57 -28 -596
419871 -50 50 -582
419904 -28 21 -625
419937 -7 71 -496
419969 -43 -7 -611
420002 35 43 -589
420035 0 -50 -553
420068 -43 14 -546
420101 0 78 -553
420133 -7 50 -632
420166 -64 28 -639
420199 -50 -28 -639
420232 -28 86 -539
420264 -28 93 -553
420297 0 -28 -639
420330 -28 -35 -618
420363 57 28 -474
420395 -43 -43 -553
420428 -14 -7 -604
420461 -50 78 -632
420494 -78 -43 -546
420526 -21 28 -596
420559 -78 43 -639
420592 -14 -35 -568
420625 7 28 -604
420658 0 -57 -639
420690 -43 35 -604
420723 -7 64 -618
420756 -35 -21 -604
420789 78 14 -625
420821 43 -28 -639
420854 0 50 -683
420887 -28 -50 -589
420920 -71 -43 -596
420952 28 -14 -589
420985 0 78 -553
421018 7 35 -568
421051 -86 28 -611
421084 -78 7 -683
421116 -35 71 -575
421149 -78 28 -582
421182 -93 7 -568
421215 21 14 -668
421247 7 21 -675
421280 -21 35 -553
421313 14 14 -560
421346 -43 -7 -553
421378 -28 14 -589
421411 -43 7 -604
421444 -7 21 -568
421477 -35 71 -553
421510 -28 78 -654
421542 -57 -35 -568
421575 -64 86 -589
421608 -93 43 -582
421641 -71 93 -618
421673 7 71 -625
421706 -35 64 -546
421739 -100 -35 -568
421772 -14 7 -611
421804 -57 50 -582
421837 -28 100 -553
421870 -14 7 -589
421903 57 35 -539
421936 -64 14 -639
421968 -78 14 -560
422001 -57 35 -596
422034 -7 -7 -596
422067 -50 14 -604
422099 -7 0 -568
422132 -50 -21 -438
422165 -78 50 -582
422198 0 -21 -611
422230 21 -14 -604
422263 -57 -35 -589
422296 35 78 -510
422329 -107 -71 -589
422361 -35 21 -589
422394 -57 43 -625
422427 71 7 -625
422460 14 50 -503
422493 -50 -57 -618
422525 -14 -93 -589
422558 -64 21 -582
422591 -7 28 -517
422624 35 86 -546
422656 -50 43 -661
422689 28 50 -618
422722 14 71 -625
422755 7 -14 -510
422787 -35 0 -647
422820 -78 -43 -589
422853 -71 71 -625
422886 -35 21 -539
422919 -35 -14 -553
422951 -21 0 -582
422984 57 21 -604
423017 7 43 -539
423050 -35 57 -618
423082 -43 0 -575
423115 -43 35 -647
423148 -35 14 -532
423181 -28 50 -560
423213 -28 7 -618
423246 -71 71 -604
423279 -57 14 -639
423312 -93 35 -589
423345 21 43 -503
423377 -21 50 -575
423410 35 -7 -582
423443 -28 100 -668
423476 -35 -35 -604
423508 -28 -21 -481
423541 -93 14 -625
423574 -100 0 -611
423607 -14 35 -510
423639 -57 57 -546
423672 -14 -7 -596
423705 -14 100 -618
423738 -57 21 -589
423771 43 28 -582
423803 -71 50 -568
423836 -71 7 -690
423869 0 7 -582
423902 -71 -21 -618
423934 21 28 -510
423967 -14 43 -618
424000 -7 71 -582
424033 14 64 -517
424065 -14 78 -575
424098 -71 7 -575
424131 28 -21 -675
424164 -21 7 -575
424197 43 -43 -532
424229 -14 7 -661
424262 14 21 -582
424295 -71 7 -632
424328 0 43 -596
424360 0 35 -589
424393 -50 14 -575
424426 -43 -71 -661
424459 28 78 -553
424491 -57 -64 -560
424524 -71 -7 -647
424557 -50 -14 -632
424590 14 -7 -568
424622 21 7 -625
424655 -14 14 -582
424688 -35 7 -560
424721 21 28 -611
424754 7 -28 -654
424786 -78 28 -503
424819 78 21 -517
424852 -64 50 -604
424885 -71 -28 -697
424917 -50 14 -625
424950 7 -28 -553
424983 -14 -28 -474
425016 21 78 -517
425048 7 43 -683
425081 21 -14 -639
425114 -100 -43 -553
425147 -28 14 -546
425180 -28 14 -568
425212 -21 7 -532
425245 -14 64 -582
425278 14 -14 -560
425311 -28 -50 -560
425343 -28 -64 -618
425376 -64 -28 -604
425409 -28 28 -532
425442 -35 -35 -618
425474 -64 7 -625
425507 35 -7 -675
425540 -28 -28 -546
425573 -64 14 -553
425606 -64 21 -611
425638 -86 21 -604
425671 -57 78 -525
425704 -14 -14 -647
425737 0 7 -632
425769 21 43 -639
425802 -86 -7 -582
425835 28 7 -582
425868 -21 21 -525
425900 43 7 -553
425933 7 21 -611
425966 -93 21 -532
425999 -50 78 -589
426032 -78 122 -582
426064 -14 0 -568
426097 -28 0 -618
426130 -78 -7 -690
426163 0 0 -546
426195 -78 50 -582
426228 -64 -35 -568
426261 -7 0 -582
426294 -14 35 -525
426326 -78 7 -568
426359 -7 -14 -690
426392 28 0 -618
426425 -7 86 -532
426457 -21 57 -596
426490 -28 -71 -675
426523 -35 -14 -582
426556 -28 21 -553
426589 -28 28 -539
426621 -28 -7 -668
426654 -28 28 -611
426687 -14 35 -568
426720 -7 -7 -553
426752 -71 7 -625
426785 -114 14 -596
426818 14 -43 -496
426851 -107 -35 -539
426883 -50 43 -604
426916 -71 -14 -553
426949 -14 -14 -539
426982 -7 136 -539
427015 -14 -14 -568
427047 7 64 -654
427080 -86 71 -510
427113 -7 28 -560
427146 -71 -35 -589
427178 -28 7 -611
427211 -78 7 -589
427244 -57 -7 -582
427277 -86 43 -604
427309 -71 64 -510
427342 -78 86 -553
427375 -14 57 -575
427408 -50 -57 -604
427441 -35 78 -517
427473 14 7 -596
427506 14 -57 -668
427539 -43 -21 -568
427572 7 -43 -582
427604 -71 -7 -525
427637 -64 -35 -503
427670 -7 -7 -553
427703 14 -21 -582
427735 -35 -14 -532
427768 21 -35 -560
427801 -35 -71 -589
427834 50 21 -560
427867 50 -57 -618
427899 -28 0 -446
427932 -35 -50 -575
427965 -14 43 -553
427998 -129 14 -568
428030 -21 -7 -525
428063 -129 -50 -604
428096 -43 7 -596
428129 -7 7 -618
428161 -43 35 -546
428194 21 50 -632
428227 43 35 -539
428260 -78 7 -582
428293 -86 50 -525
428325 -7 28 -568
428358 -14 -7 -589
428391 14 35 -589
428424 -43 50 -532
428456 -71 7 -539
428489 14 -21 -611
428522 -21 21 -568
428555 -43 7 -632
428587 -86 21 -525
428620 -21 -50 -575
428653 -43 64 -582
428686 -28 21 -690
428718 -28 43 -611
428751 -86 114 -560
428784 -7 7 -575
428817 -57 -21 -632
428850 35 64 -525
428882 -86 14 -489
428915 21 0 -632
428948 28 -14 -589
428981 -78 57 -639
429013 -64 -21 -575
429046 86 71 -589
429079 -28 -50 -618
429112 -21 57 -654
429144 7 57 -553
429177 43 -7 -589
429210 -64 0 -560
429243 -86 21 -560
429276 -64 7 -553
429308 -43 28 -647
429341 -57 -14 -568
429374 -107 -35 -618
429407 28 35 -517
429439 -71 71 -704
429472 -28 7 -582
429505 -114 -28 -553
429538 50 -14 -568
429570 -43 28 -532
429603 -7 -7 -546
429636 0 64 -575
429669 -21 -14 -568
429702 -28 43 -532
429734 -43 7 -654
429767 0 21 -467
429800 -100 0 -273
429833 28 0 -467
429865 -35 14 -632
429898 -57 -64 -654
429931 35 157 -776
429964 64 50 -776
429996 21 -64 -783
430029 64 215 -833
430062 28 50 -575
430095 -57 -172 -474
430128 -150 258 -402
430160 -172 -100 -395
430193 -78 -86 -345
430226 -71 272 -481
430259 -107 -107 -539
430291 -64 -64 -711
430324 -43 157 -762
430357 28 -86 -826
430390 107 28 -776
430422 -86 100 -704
430455 -14 -64 -632
430488 -57 107 -510
430521 -86 -7 -367
430553 -122 -43 -331
430586 -50 114 -417
430619 -93 -7 -503
430652 -21 -57 -611
430685 43 71 -697
430717 64 -14 -740
430750 28 -14 -762
430783 -7 64 -776
430816 -43 35 -589
430848 35 -14 -503
430881 -43 -57 -395
430914 -21 -93 -417
430947 -86 64 -381
430979 -64 21 -503
431012 -21 -35 -582
431045 14 129 -654
431078 -28 -14 -711
431111 -50 -28 -769
431143 14 143 -683
431176 0 -14 -697
431209 21 -64 -604
431242 -78 57 -517
431274 -71 -43 -410
431307 -86 28 -481
431340 -100 71 -489
431373 -21 -136 -474
431405 -64 7 -618
431438 0 71 -632
431471 -7 -100 -675
431504 -57 114 -632
431537 14 -35 -596
431569 28 21 -611
431602 -78 0 -575
431635 -21 21 -539
431668 -50 28 -546
431700 -64 78 -481
431733 -21 -57 -503
431766 -50 21 -525
431799 -100 -64 -582
431831 -28 -107 -596
431864 -35 50 -525
431897 -28 78 -632
431930 -57 -7 -575
431963 -35 50 -575
431995 -86 -7 -604
432028 -35 -43 -539
432061 14 86 -589
432094 -14 -35 -639
432126 -7 -7 -546
432159 7 21 -525
432192 -50 0 -525
432225 -7 0 -625
432257 -86 7 -525
432290 -28 35 -481
432323 -43 86 -532
432356 -50 21 -611
432388 -114 64 -618
432421 -35 0 -625
432454 -64 -7 -611
432487 -21 14 -596
432520 -14 14 -589
432552 -50 -71 -546
432585 0 -35 -517
432618 -28 114 -560
432651 -21 -21 -503
432683 -7 64 -553
432716 -50 -28 -546
432749 -14 14 -575
432782 14 -7 -604
432814 0 43 -683
432847 -35 -14 -625
432880 14 28 -582
432913 50 -57 -553
432946 0 -7 -539
432978 -7 14 -604
433011 -35 0 -539
433044 -107 7 -525
433077 -28 -71 -625
433109 -50 14 -632
433142 -7 -21 -611
433175 -43 0 -589
433208 50 143 -596
433240 -28 -64 -625
433273 -50 28 -539
433306 7 0 -467
433339 -50 -100 -438
433372 -43 -50 -424
433404 -28 21 -474
433437 -35 -28 -625
433470 -21 71 -668
433503 -57 28 -639
433535 14 107 -733
433568 -50 93 -769
433601 -28 64 -661
433634 -71 0 -546
433666 -64 93 -525
433699 -57 -35 -604
433732 -114 71 -582
433765 14 57 -568
433798 -14 86 -568
433830 122 35 -654
433863 0 -14 -618
433896 -28 -7 -647
433929 -57 35 -525
433961 -7 93 -560
433994 -129 86 -575
434027 -86 -71 -596
434060 21 93 -575
434092 -35 14 -589
434125 -114 -50 -575
434158 -57 7 -589
434191 -50 -35 -503
434224 -57 35 -560
434256 -14 -7 -539
434289 -43 -21 -639
434322 -71 71 -618
434355 43 0 -661
434387 7 -50 -604
434420 -43 57 -611
434453 21 -14 -783
434486 28 -21 -604
434518 14 14 -568
434551 14 -71 -553
434584 -14 -21 -604
434617 0 -21 -589
434649 -129 64 -525
434682 -43 7 -611
434715 -7 14 -589
434748 28 -21 -611
434781 -100 21 -410
434813 43 57 -575
434846 35 -14 -690
434879 -93 -28 -575
434912 -107 -57 -474
434944 -28 14 -510
434977 14 136 -639
435010 -35 21 -604
435043 -28 -35 -503
435075 14 107 -460
435108 50 -14 -647
435141 14 -14 -661
435174 -114 50 -568
435207 -14 -43 -589
435239 21 -21 -683
435272 -35 64 -611
435305 28 7 -553
435338 -7 64 -611
435370 28 -28 -618
435403 -21 0 -510
435436 0 -57 -596
435469 -64 100 -726
435501 -35 -107 -718
435534 -50 122 -575
435567 -50 14 -489
435600 -28 -35 -510
435633 -129 7 -417
435665 -143 0 -395
435698 -7 -43 -438
435731 -100 7 -661
435764 -7 64 -776
435796 -50 100 -568
435829 -7 -21 -546
435862 -14 201 -690
435895 -78 -21 -611
435927 -86 64 -568
435960 -28 21 -704
435993 14 122 -489
436026 -7 150 -625
436059 28 -129 -625
436091 7 150 -1034
436124 107 50 -826
436157 0 -43 -733
436190 -86 114 -647
436222 -78 0 -582
436255 -57 -35 -467
436288 -86 64 -302
436321 -107 -43 -496
436353 -35 7 -575
436386 -57 100 -510
436419 -57 71 -560
436452 14 -50 -683
436485 -14 129 -740
436517 21 50 -675
436550 -21 -64 -546
436583 -35 14 -625
436616 0 114 -661
436648 -57 -43 -525
436681 -86 -86 -525
436714 -172 64 -467
436747 -43 57 -625
436779 -28 -7 -618
436812 -35 35 -625
436845 -35 -21 -639
436878 -28 50 -754
436910 -43 35 -704
436943 -21 -43 -647
436976 -78 -86 -647
437009 -64 86 -582
437042 -86 -43 -539
437074 -71 64 -589
437107 -50 -78 -639
437140 -64 35 -568
437173 -71 50 -596
437205 -129 50 -604
437238 -71 -14 -618
437271 -122 50 -604
437304 -64 50 -625
437336 -100 21 -747
437369 -43 -21 -733
437402 -21 -57 -805
437435 -35 107 -683
437468 -107 35 -532
437500 -14 35 -718
437533 -57 14 -726
437566 -71 57 -762
437599 -78 93 -668
437631 -35 -21 -797
437664 -114 35 -718
437697 -129 -21 -388
437730 -423 -193 -934
437762 -193 -7 -173
437795 -172 -7 -388
437828 -244 -64 -395
437861 -179 57 -467
437894 -222 100 -381
437926 -193 -7 -474
437959 -201 78 -546
437992 -193 14 -604
438025 -157 -43 -604
438057 -179 21 -582
438090 -186 50 -525
438123 -251 43 -668
438156 -157 14 -632
438188 -179 14 -604
438221 -136 -7 -596
438254 -86 7 -754
438287 -179 43 -812
438320 -122 -21 -805
438352 -78 43 -819
438385 -150 -7 -704
438418 -236 -7 -611
438451 -229 -64 -596
438483 -229 100 -568
438516 -157 -28 -568
438549 -100 7 -711
438582 -172 93 -560
438614 -301 57 -481
438647 -280 0 -402
438680 -208 43 -474
438713 -215 -165 -604
438745 -78 -64 -762
438778 -64 308 -991
438811 -100 -244 -639
438844 -294 222 -611
438877 -157 64 -625
438909 -165 -136 -639
438942 -201 43 -675
438975 -201 -43 -661
439008 -222 57 -625
439040 -122 -43 -711
439073 -244 7 -783
439106 -193 -57 -596
439139 -272 -43 -740
439171 -215 -50 -718
439204 -208 64 -589
439237 -229 0 -525
439270 -301 0 -611
439303 -337 64 -525
439335 -294 28 -503
439368 -387 0 -417
439401 -344 -35 -553
439434 -258 35 -639
439466 -258 0 -726
439499 -251 107 -898
439532 -251 28 -955
439565 -172 71 -1085
439597 -157 -43 -941
439630 -280 21 -589
439663 -294 78 -1099
439696 -351 107 -503
439729 -373 -35 -532
439761 -394 -21 -711
439794 -315 -100 -704
439827 -301 57 -611
439860 -280 0 -582
439892 -402 -7 -632
439925 -466 35 -316
439958 -473 64 -194
439991 -430 86 -331
440023 -524 -64 -309
440056 -502 14 -137
440089 -473 -100 -43
440122 -560 -64 -15
440155 -710 -86 85
440187 -581 -35 257
440220 -689 -7 508
440253 -660 -64 659
440286 -818 -64 731
440318 -768 -100 925
440351 -897 -78 1162
440384 -1005 21 1564
440417 -1127 -280 2045
440449 -911 -265 1586
440482 -588 78 207
440515 -380 201 -639
440548 -244 222 -1042
440580 136 624 -1910
440613 -93 208 -1810
440646 -2664 -4602 12379
440679 -1077 1335 -2492
440712 445 976 -5013
440744 -438 -1378 1104
440777 71 3267 -6643
440810 1888 -1192 -4309
440843 3109 -208 -8639
440875 3590 2764 -15576
440908 3633 280 -9386
440941 1515 -150 508
440974 -890 768 2103
441006 -2427 -1816 4286
441039 -2987 14 12285
441072 -3741 86 13355
441105 -2527 -1637 8221
441138 -1235 531 1219
441170 617 366 -1918
441203 2218 -459 -7081
441236 3274 1529 -13536
441269 2850 876 -12308
441301 2793 -1213 -3203
441334 481 940 -3684
441367 -1148 -1838 -280
441400 -2764 193 6684
441432 -3238 -545 12063
441465 -3346 -1249 9585
441498 -2190 -43 6749
441531 -904 193 1478
441564 1055 -473 -4251
441596 2405 1084 -9364
441629 3260 703 -10908
441662 3346 -351 -7145
441695 2340 1608 -4754
441727 294 201 -3483
441760 -1019 14 1801
441793 -2470 107 8917
441826 -3454 -1163 10289
441858 -2980 -775 7941
441891 -1924 179 2964
441924 -330 -567 -3217
441957 1227 2197 -6363
441990 2355 -1170 -10054
442022 2850 222 -10894
442055 2104 1148 -9838
442088 2118 -509 -1350
442121 -1938 -351 2584
442153 -1680 596 4113
442186 -2965 -1091 6627
442219 -2886 -761 10705
442252 -2384 -287 7898
442284 -1120 -466 1973
442317 445 222 -2320
442350 1694 488 -5896
442383 2606 409 -9450
442416 2692 610 -10592
442448 2039 1249 -7892
442481 739 -495 -496
442514 -689 280 3675
442547 -1938 -1551 4034
442579 -2549 -107 6426
442612 -2807 -703 9391
442645 -1888 -545 5751
442678 -545 14 458
442710 696 272 -2621
442743 1723 272 -5688
442776 2434 631 -9537
442809 2362 531 -9881
442841 1055 -21 -5702
442874 789 560 3532
442907 -868 -560 2103
442940 -2075 -531 3848
442973 -2879 265 8350
443005 -2463 -1026 8486
443038 -1479 -86 2821
443071 -301 -14 -546
443104 919 201 -2614
443136 1788 366 -6463
443169 2254 545 -9393
443202 2046 416 -7993
443235 1048 825 -2514
443267 50 581 1873
443300 -1278 -481 918
443333 -2053 -359 4724
443366 -2319 -78 10282
443399 -1838 -832 5988
443431 -1285 28 -474
443464 100 -43 99
443497 1134 366 -2399
443530 1759 438 -7806
443562 2075 531 -9192
443595 1680 416 -6083
443628 739 179 -2923
443661 -236 -315 -1731
443693 -1213 258 2282
443726 -1867 -660 6404
443759 -2656 -423 5571
443792 -1551 -301 2548
443825 -789 122 2038
443857 122 -35 903
443890 1170 301 -4352
443923 1701 488 -8273
443956 1838 323 -6808
443988 1055 50 -4589
444021 588 -165 -1480
444054 -337 840 -668
444087 -1141 -703 4243
444119 -1888 -186 6138
444152 -1637 -653 6469
444185 -1357 -201 3137
444218 -394 -114 839
444251 301 93 -1472
444283 1220 136 -4654
444316 1622 581 -7109
444349 1579 258 -6075
444382 1493 581 -1968
444414 452 473 -1831
444447 -797 -394 -295
444480 -1263 -93 4128
444513 -1515 -1019 6986
444545 -1199 380 4602
444578 -1055 -473 1334
444611 -251 179 315
444644 596 93 -1681
444676 1299 301 -5257
444709 1443 430 -6600
444742 1357 315 -4926
444775 854 107 -2708
444808 43 50 -1121
444840 -646 -143 1176
444873 -1421 -14 3453
444906 -1565 -330 3948
444939 -1206 -359 3374
444971 -682 -114 2009
445004 -14 71 -29
445037 682 57 -2973
445070 1242 366 -5264
445102 1328 337 -5386
445135 1105 215 -4072
445168 596 150 -2320
445201 -172 -7 -546
445234 -761 64 2146
445266 -1235 -373 4293
445299 -1407 -229 3747
445332 -1077 -272 2476
445365 -567 -57 947
445397 208 -57 -747
445430 775 215 -3275
445463 1105 308 -5013
445496 1249 229 -4632
445528 904 244 -3196
445561 373 122 -1975
445594 -351 -129 -151
445627 -904 -100 2620
445660 -1242 -193 3654
445692 -1148 -323 2986
445725 -847 -57 1643
445758 -359 14 501
445791 251 35 -1358
445823 861 287 -3562
445856 1105 244 -4546
445889 1069 272 -3907
445922 732 172 -2815
445954 186 35 -1451
445987 -452 -143 645
446020 -832 -50 2569
446053 -1091 -236 3015
446086 -1077 -208 2440
446118 -703 -28 1507
446151 -222 -78 -29
446184 423 78 -1997
446217 775 157 -3706
446249 983 157 -4158
446282 883 258 -3160
446315 430 100 -1788
446348 7 -14 -223
446380 -545 -57 1219
446413 -868 -64 2462
446446 -1062 -157 2735
446479 -804 -129 1744
446512 -409 -21 307
446544 186 50 -1128
446577 596 201 -2542
446610 876 258 -3519
446643 890 193 -3591
446675 574 193 -2679
446708 236 107 -1228
446741 -272 -21 135
446774 -689 -78 1499
446806 -904 -107 2361
446839 -825 -179 2167
446872 -567 -165 1162
446905 -244 -50 -22
446937 287 21 -1415
446970 596 129 -2672
447003 854 172 -3347
447036 660 179 -3081
447069 416 114 -2076
447101 107 35 -898
447134 -373 -100 372
447167 -639 -64 1593
447200 -832 -78 2117
447232 -782 -143 1722
447265 -488 -100 645
447298 -43 14 -388
447331 337 35 -1695
447363 631 129 -2643
447396 746 186 -3052
447429 639 165 -2593
447462 308 143 -1760
447495 -78 78 -553
447527 -359 -57 566
447560 -732 -122 1442
447593 -653 -157 1744
447626 -617 -122 1291
447658 -323 -78 343
447691 100 7 -841
447724 344 100 -1903
447757 509 122 -2629
447789 603 165 -2765
447822 394 93 -2248
447855 143 107 -1372
447888 -71 -50 -209
447921 -466 -78 796
447953 -617 -107 1406
447986 -617 -100 1420
448019 -452 14 846
448052 -244 21 -22
448084 78 0 -977
448117 416 114 -2040
448150 581 78 -2535
448183 430 172 -2449
448215 315 93 -1824
448248 43 0 -984
448281 -186 50 -58
448314 -466 -64 839
448347 -646 -57 1327
448379 -509 -157 1176
448412 -330 -93 516
448445 -78 43 -395
448478 172 50 -1343
448510 337 28 -2018
448543 488 157 -2313
448576 416 157 -2155
448609 272 93 -1516
448641 -50 43 -668
448674 -308 -57 200
448707 -481 -43 911
448740 -545 -100 1148
448773 -430 -64 918
448805 -236 -71 171
448838 -28 35 -596
448871 172 50 -1480
448904 459 78 -2011
448936 481 122 -2076
448969 380 136 -1867
449002 114 21 -1185
449035 -129 7 -424
449067 -287 -93 329
449100 -416 -64 846
449133 -531 -21 939
449166 -402 -14 537
449198 -229 -78 -101
449231 43 50 -898
449264 244 35 -1494
449297 366 86 -1982
449330 308 107 -1939
449362 315 35 -1544
449395 50 21 -927
449428 -165 21 -266
449461 -373 -50 458
449493 -452 -28 702
449526 -438 -71 681
449559 -301 -43 236
449592 -129 -43 -395
449624 136 114 -1063
449657 244 143 -1487
449690 301 43 -1875
449723 380 186 -1760
449756 287 28 -1300
449788 14 50 -611
449821 -186 -64 20
449854 -272 -57 508
449887 -373 -28 645
449919 -366 -35 408
449952 -258 -93 6
449985 -50 -21 -625
450018 143 71 -1192
450050 215 50 -1595
450083 280 150 -1709
450116 280 86 -1429
450149 107 93 -1034
450182 -129 -43 -460
450214 -208 -57 114
450247 -394 -43 401
450280 -344 -57 437
450313 -294 -57 228
450345 -122 71 -259
450378 -28 35 -790
450411 129 50 -1264
450444 244 71 -1472
450476 208 93 -1465
450509 100 78 -1185
450542 71 -28 -654
450575 -193 35 -72
450608 -294 -57 322
450640 -323 -50 386
450673 -287 -71 135
450706 -208 -57 -180
450739 -50 28 -625
450771 86 28 -1027
450804 193 71 -1336
450837 272 86 -1422
450870 201 86 -1257
450902 71 71 -941
450935 -86 -14 -431
450968 -236 -7 -94
451001 -215 -64 236
451033 -301 -28 228
451066 -186 -43 0
451099 -43 -35 -338
451132 86 28 -783
451165 114 7 -1099
451197 251 21 -1314
451230 157 136 -1300
451263 136 122 -1063
451296 57 107 -647
451328 -86 0 -295
451361 -172 -21 -15
451394 -236 0 121
451427 -229 14 63
451459 -165 -71 -137
451492 -50 93 -496
451525 107 -28 -891
451558 122 179 -1149
451591 143 43 -1106
451623 136 86 -1135
451656 28 14 -941
451689 -78 -28 -704
451722 -43 -50 -259
451754 -172 -64 -36
451787 -179 -43 78
451820 -157 -35 -58
451853 -50 -21 -359
451885 -71 57 -553
451918 43 57 -891
451951 93 14 -1207
451984 122 71 -1214
452017 93 107 -1070
452049 7 93 -790
452082 -43 -7 -381
452115 -107 -50 -259
452148 -179 -64 -151
452180 -244 21 27
452213 -136 21 -187
452246 -114 14 -388
452279 -28 0 -769
452311 28 50 -1049
452344 136 93 -1006
452377 136 21 -984
452410 0 14 -984
452443 -78 64 -647
452475 -35 14 -374
452508 -93 -14 -187
452541 -165 -71 -130
452574 -186 -21 -187
452606 -100 0 -316
452639 28 -35 -589
452672 21 100 -805
452705 129 21 -970
452737 114 7 -1049
452770 136 0 -977
452803 35 64 -733
452836 -7 28 -553
452869 -165 -28 -395
452901 -129 50 -295
452934 -215 -14 -187
452967 -208 -7 -252
453000 -150 -35 -525
453032 -7 0 -697
453065 50 14 -819
453098 43 28 -948
453131 143 71 -927
453163 28 64 -797
453196 -28 21 -661
453229 -35 -50 -424
453262 -64 -57 -381
453294 -129 7 -180
453327 -157 -28 -309
453360 -43 -14 -338
453393 -28 50 -539
453426 0 35 -654
453458 50 93 -819
453491 57 14 -934
453524 35 14 -783
453557 -21 43 -632
453589 -86 -14 -546
453622 -86 -35 -489
453655 -157 50 -338
453688 -107 100 -331
453720 -71 -35 -381
453753 -107 21 -467
453786 7 -7 -661
453819 57 57 -647
453852 28 14 -769
453884 0 -35 -783
453917 57 43 -797
453950 14 57 -618
453983 -28 21 -532
454015 -57 21 -374
454048 -78 57 -402
454081 -78 35 -410
454114 -114 -86 -388
454146 -35 50 -503
454179 -28 0 -596
454212 86 50 -934
454245 93 35 -1128
454278 107 -43 -1200
454310 86 35 -862
454343 -93 35 -453
454376 -229 -93 -15
454409 -287 -21 142
454441 -287 21 114
454474 -129 -78 -151
454507 -107 78 -596
454540 71 50 -733
454572 71 -43 -941
454605 28 114 -1049
454638 21 35 -999
454671 78 14 -776
454704 -7 7 -604
454736 -35 -28 -302
454769 -93 21 -424
454802 -71 -71 -611
454835 -50 122 -489
454867 -71 -100 -388
454900 -78 7 -474
454933 -43 28 -639
454966 28 -114 -697
454998 57 93 -912
455031 64 57 -963
455064 28 35 -812
455097 14 71 -797
455129 7 -7 -740
455162 -28 14 -517
455195 -143 35 -532
455228 -157 -14 -460
455261 -14 -21 -410
455293 -114 43 -568
455326 -35 -50 -532
455359 -35 -14 -575
455392 -86 -7 -625
455424 -57 -43 -711
455457 7 71 -711
455490 14 21 -675
455523 -78 64 -726
455555 -57 50 -754
455588 -43 -35 -740
455621 -100 -50 -675
455654 -14 43 -568
455687 -43 50 -596
455719 -93 0 -532
455752 -122 -78 -539
455785 -107 64 -553
455818 -78 -7 -618
455850 0 50 -711
455883 -78 -14 -661
455916 -57 93 -654
455949 -21 -35 -718
455981 -78 14 -604
456014 -64 14 -711
456047 -57 35 -704
456080 0 14 -790
456113 -78 86 -747
456145 -50 0 -790
456178 -129 21 -747
456211 -21 -7 -704
456244 -78 93 -718
456276 -93 -7 -683
456309 -136 28 -639
456342 -107 43 -568
456375 -201 43 -503
456407 -165 35 -532
456440 -136 43 -510
456473 -165 -21 -546
456506 -193 43 -604
456539 -229 7 -611
456571 -215 35 -582
456604 -265 7 -503
456637 -222 0 -525
456670 -251 -43 -489
456702 -301 100 -467
456735 -244 50 -525
456768 -201 -14 -582
456801 -193 -7 -704
456833 -100 64 -819
456866 -122 57 -833
456899 -122 -14 -819
456932 -179 14 -805
456964 -172 0 -797
456997 -172 14 -797
457030 -201 35 -733
457063 -143 -7 -833
457096 -172 64 -876
457128 -143 14 -941
457161 -157 43 -1034
457194 -172 28 -1049
457227 -179 129 -970
457259 -229 50 -1049
457292 -143 93 -1135
457325 -222 57 -1070
457358 -236 86 -934
457390 -165 -57 -905
457423 -201 150 -970
457456 -236 78 -984
457489 -244 -50 -826
457522 -294 21 -754
457554 -337 7 -675
457587 -517 57 -460
457620 -517 0 -302
457653 -682 -64 -8
457685 -703 -136 214
457718 -847 -78 544
457751 -969 -107 753
457784 -969 -107 947
457816 -1005 -43 1176
457849 -1055 -57 1291
457882 -1113 -64 1385
457915 -1141 -150 1535
457948 -1148 -7 1298
457980 -911 -43 954
458013 -890 -28 659
458046 -847 35 458
458079 -631 -35 293
458111 -739 -165 530
458144 -725 -64 817
458177 -890 -1048 -503
458210 -1256 301 2124
458242 -2233 1867 4616
458275 -7066 2053 38395
458308 -2865 -3173 -5106
458341 904 2226 -6987
458374 5550 2470 -8050
458406 9521 -725 -34921
458439 10685 5852 -41686
458472 9141 2290 -22714
458505 4365 -1472 -13867
458537 -746 -229 -5932
458570 -6118 1271 14921
458603 -9687 -6470 32672
458636 -10175 -509 39479
458668 -9715 -86 32586
458701 -5830 -2542 16852
458734 -940 603 343
458767 4768 1881 -15490
458800 8380 581 -31395
458832 9658 3030 -37966
458865 9205 3044 -29780
458898 5356 -689 -16165
458931 7 574 7661
458963 -5565 430 23136
458996 -9119 -5392 28133
459029 -10627 -768 35099
459062 -10397 -1543 30553
459094 -6003 -1730 10181
459127 -990 1831 -10255
459160 6484 840 -23963
459193 10232 2261 -30404
459225 9191 1457 -34813
459258 7231 1780 -28042
459291 3109 301 -6858
459324 -2369 35 5894
459357 -7381 -832 21010
459389 -10038 -3418 25864
459422 -10218 -825 30834
459455 -7453 -1034 29541
459488 -3798 -1357 9729
459520 1529 861 -10420
459553 6053 689 -23202
459586 8552 215 -28394
459619 9399 1457 -32329
459651 6527 1953 -26211
459684 2542 208 -7145
459717 -2419 193 6619
459750 -6900 -1062 19926
459783 -9385 -2247 23337
459815 -9442 -1479 28435
459848 -6864 -1156 26661
459881 -3439 -1113 9032
459914 1630 574 -10384
459946 5974 883 -22434
459979 7906 567 -26922
460012 9047 2441 -29866
460045 6067 1393 -24337
460077 2075 416 -6413
460110 -2477 -272 7618
460143 -6642 -818 18669
460176 -9292 -804 21333
460209 -8423 -1443 28528
460241 -6735 -1034 21958
460274 -2649 -818 7675
460307 1953 675 -9838
460340 5938 1385 -21213
460372 7518 1443 -26326
460405 8322 1105 -26362
460438 5292 1321 -21701
460471 1716 -129 -6241
460503 -2793 21 7840
460536 -6297 -1148 19358
460569 -9141 -1156 20184
460602 -7877 -1953 23207
460635 -5687 -567 21513
460667 -2247 -811 6950
460700 1974 933 -11167
460733 5830 797 -21084
460766 7238 2068 -25205
460798 7697 861 -23051
460831 4926 1393 -19396
460864 1278 -380 -5788
460897 -2980 129 9054
460929 -6139 -1335 19315
460962 -7288 -2161 25915
460995 -6864 -100 23071
461028 -5680 -1400 15969
461061 -1558 -481 5219
461093 2333 919 -10212
461126 5601 1055 -21134
461159 7238 28 -22800
461192 6706 2104 -22340
461224 4344 459 -17055
461257 797 57 -4869
461290 -3080 -136 9542
461323 -6075 -1278 20421
461355 -7259 -1723 27458
461388 -7123 -840 16716
461421 -4416 -538 14045
461454 -1227 -93 3388
461486 2556 818 -10269
461519 5672 1026 -21565
461552 7611 962 -21184
461585 5902 804 -20365
461618 3619 337 -16007
461650 380 193 -3857
461683 -3281 -380 10684
461716 -5866 -143 21872
461749 -7238 -1759 23732
461781 -5795 -825 19301
461814 -3820 -631 12012
461847 -797 -21 1219
461880 2786 689 -10370
461912 5665 1084 -20638
461945 7202 1314 -21084
461978 5938 1321 -18872
462011 3461 775 -11985
462044 -50 -14 -2234
462076 -3468 -459 10734
462109 -5141 452 22568
462142 -6800 -3030 21929
462175 -5421 -323 19294
462207 -3748 -1385 7438
462240 -179 229 20
462273 3102 811 -10463
462306 5464 876 -20358
462338 6785 1924 -20976
462371 5852 682 -16057
462404 2872 1242 -9501
462437 -344 -366 -797
462470 -3626 -330 9341
462502 -4696 -1507 21843
462535 -6297 -1630 21865
462568 -5019 -610 16780
462601 -3245 -947 5176
462633 157 208 -762
462666 3145 789 -10786
462699 5342 782 -20416
462732 6075 2326 -20689
462764 5227 -150 -14025
462797 1996 990 -8416
462830 -761 -387 228
462863 -3755 -366 10152
462896 -5529 -3669 15351
462928 -5672 -667 21326
462961 -4732 -1098 16278
462994 -2498 -610 5025
463027 545 179 -3217
463059 3353 797 -11396
463092 5033 718 -19260
463125 4574 1220 -23374
463158 3755 172 -15597
463190 1558 359 -4086
463223 -1084 -172 6138
463256 -3662 -179 11646
463289 -4595 -2233 13334
463321 -5479 -847 12867
463354 -3992 -1177 11510
463387 -1910 -373 1923
463420 2685 581 -8273
463453 3288 610 -13019
463485 4703 2635 -16624
463518 3367 -1407 -18010
463551 2463 1113 -13213
463584 459 -646 -1903
463616 -2190 -21 7625
463649 -3971 -517 12709
463682 -4696 -1881 16852
463715 -4653 -93 13664
463747 -2735 -718 8221
463780 -258 43 -733
463813 1881 653 -7971
463846 3798 351 -12553
463879 4050 -940 -14319
463911 3597 1701 -13845
463944 2305 1156 -9766
463977 143 -380 -1501
464010 -2491 -165 7912
464042 -3899 -1192 12608
464075 -4380 -1507 13506
464108 -3906 -215 11869
464141 -2182 -682 7503
464173 107 136 -1788
464206 2068 596 -9307
464239 3820 517 -12639
464272 4014 1321 -13816
464305 3698 1292 -10111
464337 1780 725 -8926
464370 -466 -165 -201
464403 -2865 -660 8113
464436 -4200 -373 11280
464468 -4114 -502 12256
464501 -3410 -775 10892
464534 -1644 -229 5794
464567 387 122 -2686
464599 2340 538 -9221
464632 3554 624 -12581
464665 3482 1493 -13544
464698 3331 1436 -8761
464731 919 -86 -7863
464763 -868 -50 1212
464796 -2427 -761 9930
464829 -3475 -459 14310
464862 -3841 -1220 11790
464894 -2994 -122 8005
464927 -1271 -337 3840
464960 675 114 -3404
464993 2434 624 -9422
465025 3497 653 -12229
465058 2951 1141 -12459
465091 2506 1077 -7555
465124 883 -35 -5365
465157 -1199 -258 1808
465189 -2664 -739 9492
465222 -3145 -732 15251
465255 -3583 -947 9736
465288 -2621 -150 5743
465320 -804 -323 2577
465353 962 294 -3828
465386 2513 581 -10082
465419 3331 574 -11784
465451 3669 -430 -7354
465484 1859 868 -6585
465517 172 -136 -4330
465550 -1314 -531 2785
465582 -2053 -452 11660
465615 -4064 -1055 10382
465648 -2886 -689 10662
465681 -2111 -143 4903
465714 -366 -57 745
465746 1378 344 -4575
465779 2570 631 -9788
465812 3130 560 -11346
465845 3001 -545 -6592
465877 1393 -337 -4754
465910 -122 -86 -2952
465943 -1500 -488 2979
465976 -2355 -2319 8673
466008 -3001 718 10756
466041 -2649 -1335 9406
466074 -1673 -201 4049
466107 -157 -107 -927
466140 1436 488 -5580
466172 2520 538 -9551
466205 2922 574 -10485
466238 2175 1450 -8431
466271 1393 -1608 -4216
466303 -100 789 -2499
466336 -1436 -251 3948
466369 -2771 -1816 7395
466402 -3066 -330 9090
466434 -2297 -588 7754
466467 -1271 -143 2411
466500 208 100 -1702
466533 1507 423 -5939
466566 2319 502 -9012
466598 2621 524 -9371
466631 1752 603 -7153
466664 409 -1507 -3835
466697 -646 861 -1314
466729 -1895 -1227 4149
466762 -2118 445 6878
466795 -2039 -272 8953
466828 -1960 -517 6411
466860 -854 172 2699
466893 459 186 -3304
466926 1586 344 -6916
466959 2305 617 -8409
466992 2384 337 -8380
467024 1723 567 -5882
467057 653 1163 -4402
467090 -445 129 27
467123 -1651 -107 5815
467155 -1773 -179 8221
467188 -2621 -919 2921
467221 -1321 -86 5636
467254 -596 -222 1521
467286 631 122 -3655
467319 1644 380 -6951
467352 2154 387 -7627
467385 2075 517 -7246
467417 1357 -797 -4338
467450 366 811 1126
467483 -746 -7 2297
467516 -1665 -416 6117
467549 -1816 100 7302
467581 -2463 -847 5313
467614 -1400 -315 1026
467647 -193 -64 -934
467680 825 366 -4539
467712 1737 258 -7734
467745 1816 610 -7986
467778 1407 136 -5652
467811 653 -150 -2442
467843 -588 473 587
467876 -1227 -703 4235
467909 -1493 552 7761
467942 -2477 -308 6253
467975 -1536 -703 4401
468007 -610 186 710
468040 330 57 -1817
468073 1306 136 -4273
468106 1867 581 -7232
468138 1737 236 -7117
468171 1285 301 -4596
468204 466 157 -1781
468237 -703 -560 128
468269 -1507 904 3209
468302 -1795 -1206 6074
468335 -2032 244 4458
468368 -1206 -617 2900
468401 -452 -43 587
468433 452 50 -2140
468466 1321 438 -4955
468499 1644 265 -6528
468532 1507 473 -5738
468564 897 236 -3670
468597 193 21 -1034
468630 -581 136 1722
468663 -1350 -402 3510
468695 -1464 -201 4961
468728 -1551 -272 3905
468761 -940 -57 2799
468794 -21 -57 -151
468827 689 244 -3146
468859 1271 244 -4898
468892 1436 244 -5666
468925 1271 380 -4926
468958 710 107 -2945
468990 -93 -14 -331
469023 -761 -351 2253
469056 -1414 7 3366
469089 -1429 -308 5076
469121 -1213 -280 3338
469154 -753 -107 961
469187 43 50 -934
469220 847 215 -3088
469253 1271 208 -4955
469285 1321 294 -5242
469318 1077 215 -4072
469351 488 143 -2219
469384 -236 -78 -72
469416 -696 -201 2577
469449 -1385 -222 3424
469482 -1342 -244 3661
469515 -1034 -251 2605
469547 -452 -14 774
469580 236 35 -1350
469613 825 315 -3591
469646 1148 301 -4754
469678 1148 165 -4553
469711 753 186 -3505
469744 265 14 -1573
469777 -473 -64 351
469810 -897 -129 2376
469842 -1220 -258 3431
469875 -1271 -265 3158
469908 -825 -143 2110
469941 -222 -71 142
469973 366 100 -1946
470006 890 287 -3634
470039 1084 229 -4388
470072 1069 265 -3993
470104 725 236 -2765
470137 7 43 -1142
470170 -445 -78 839
470203 -897 -186 2469
470236 -1098 -236 3043
470268 -947 -107 2519
470301 -675 -114 1341
470334 7 14 -453
470367 430 143 -2219
470399 811 215 -3548
470432 1034 244 -3964
470465 847 229 -3397
470498 423 107 -2234
470530 -71 -14 -431
470563 -560 -50 1191
470596 -983 -258 2318
470629 -940 -129 2612
470662 -854 -136 2052
470694 -423 -107 868
470727 86 64 -970
470760 445 143 -2435
470793 789 229 -3354
470825 876 244 -3440
470858 703 280 -2909
470891 193 21 -1616
470924 -222 7 -65
470956 -610 -93 1349
470989 -797 -165 2174
471022 -840 -150 2139
471055 -718 -35 1485
471088 -251 -100 236
471120 122 86 -1178
471153 538 150 -2449
471186 703 215 -3174
471219 775 179 -3153
471251 517 78 -2384
471284 122 100 -1221
471317 -294 -50 243
471350 -574 -129 1363
471382 -840 -215 1952
471415 -710 -186 1823
471448 -509 -57 982
471481 -186 -43 -158
471513 215 114 -1487
471546 653 157 -2435
471579 682 157 -3016
471612 660 244 -2851
471645 394 107 -1954
471677 7 14 -776
471710 -330 -21 408
471743 -588 -28 1341
471776 -653 -64 1679
471808 -624 -93 1126
471841 -423 21 243
471874 -43 86 -999
471907 258 100 -2004
471939 545 114 -2629
471972 574 122 -2736
472005 567 107 -2126
472038 201 71 -1235
472071 -172 -28 -94
472103 -495 -78 868
472136 -596 -150 1406
472169 -610 -179 1291
472202 -438 -71 853
472234 -143 -43 -166
472267 208 35 -1228
472300 409 78 -1989
472333 545 143 -2449
472365 524 179 -2449
472398 351 86 -1774
472431 64 43 -912
472464 -265 -93 164
472497 -488 -28 832
472529 -603 -93 1212
472562 -545 -93 1069
472595 -366 -114 480
472628 -50 21 -367
472660 215 93 -1422
472693 423 122 -2126
472726 473 165 -2363
472759 473 78 -2040
472791 229 78 -1480
472824 -64 -28 -632
472857 -258 -78 272
472890 -459 -136 925
472923 -560 -43 1097
472955 -452 -35 731
472988 -272 -21 114
473021 -28 21 -697
473054 301 64 -1573
473086 366 107 -2018
473119 466 150 -2147
473152 373 100 -1767
473185 179 64 -984
473217 -129 -14 -273
473250 -308 -7 379
473283 -452 -78 810
473316 -603 -107 832
473349 -380 -136 444
473381 -186 -21 -173
473414 143 64 -984
473447 301 143 -1544
473480 315 43 -1932
473512 308 100 -1989
473545 208 122 -1508
473578 78 35 -805
473611 -186 -71 -36
473643 -323 -64 516
473676 -473 -35 731
473709 -359 -114 645
473742 -308 -28 178
473774 -50 -43 -460
473807 215 21 -1078
473840 272 136 -1609
473873 373 57 -1889
473906 294 165 -1738
473938 179 78 -1322
473971 -50 -35 -697
474004 -201 -71 42
474037 -394 -57 494
474069 -344 -86 659
474102 -359 -122 329
474135 -165 7 -79
474168 -21 21 -596
474200 129 -21 -1149
474233 251 107 -1638
474266 265 93 -1745
474299 179 57 -1516
474332 114 57 -862
474364 -107 -114 -453
474397 -215 -143 78
474430 -315 -93 394
474463 -366 -14 480
474495 -236 -93 207
474528 -129 -14 -230
474561 -50 64 -891
474594 172 50 -1257
474626 308 78 -1523
474659 265 86 -1559
474692 136 21 -1314
474725 35 -21 -905
474758 -100 -35 -252
474790 -236 -57 193
474823 -330 -78 372
474856 -287 -114 329
474889 -208 -57 6
474921 -64 57 -460
474954 100 14 -948
474987 122 71 -1322
475020 258 21 -1415
475052 201 78 -1408
475085 64 50 -991
475118 -14 -78 -575
475151 -193 -14 -216
475184 -315 -35 106
475216 -308 -122 214
475249 -215 -43 185
475282 -57 28 -237
475315 0 -21 -675
475347 122 71 -1092
475380 193 86 -1336
475413 215 78 -1451
475446 193 35 -1192
475478 43 -7 -855
475511 -93 -21 -367
475544 -244 -43 -43
475577 -215 0 92
475609 -272 50 171
475642 -251 -71 -22
475675 -157 71 -481
475708 43 122 -999
475741 157 86 -1365
475773 301 43 -1559
475806 150 0 -1487
475839 122 86 -1049
475872 -114 -21 -446
475904 -114 -7 -65
475937 -93 -387 49
475970 100 -57 -1063
476003 -186 739 -632
476035 -229 -789 -1508
476068 -344 122 -1307
476101 -244 344 -108
476134 -78 -596 -690
476167 28 380 -1078
476199 157 -280 -1250
476232 265 -35 -1322
476265 107 301 -1343
476298 143 -251 -869
476330 7 107 -711
476363 -129 129 -510
476396 -165 -114 -331
476429 -201 107 -151
476461 -165 14 -130
476494 -193 -86 -280
476527 -229 129 -467
476560 -7 -71 -596
476593 -28 0 -769
476625 50 143 -963
476658 -28 -64 -1049
476691 -14 28 -948
476724 -7 7 -797
476756 7 50 -718
476789 -35 14 -560
476822 -114 35 -568
476855 -129 -43 -618
476887 -114 0 -388
476920 -100 -93 -381
476953 -28 21 -560
476986 -143 -7 -510
477019 -100 28 -517
477051 -71 78 -639
477084 0 7 -718
477117 -50 28 -611
477150 -64 -14 -718
477182 -165 93 -805
477215 -78 0 -726
477248 -78 35 -711
477281 -201 -78 -690
477313 -215 43 -496
477346 -157 28 -525
477379 -186 -43 -424
477412 -201 21 -517
477445 -122 21 -517
477477 -122 71 -632
477510 -114 57 -733
477543 -201 43 -855
477576 -35 107 -884
477608 -122 0 -963
477641 -35 28 -848
477674 -78 43 -833
477707 -122 35 -790
477739 -129 50 -639
477772 -236 7 -517
477805 -222 -14 -510
477838 -222 86 -467
477870 -258 28 -402
477903 -294 114 -474
477936 -308 43 -539
477969 -280 35 -525
478002 -179 -64 -661
478034 -201 50 -661
478067 -165 -21 -841
478100 -143 -7 -812
478133 -107 28 -984
478165 -143 0 -876
478198 -172 71 -912
478231 -172 35 -819
478264 -301 -21 -762
478296 -215 57 -754
478329 -172 21 -805
478362 -208 -35 -726
478395 -280 71 -797
478428 -301 0 -783
478460 -344 7 -819
478493 -294 -57 -797
478526 -244 -28 -790
478559 -323 193 -776
478591 -337 -50 -1070
478624 -258 71 -812
478657 -402 -57 -496
478690 -366 -35 -546
478722 -430 21 -503
478755 -394 -21 -367
478788 -409 -64 -410
478821 -517 21 -489
478854 -452 107 -460
478886 -495 35 -417
478919 -481 100 -316
478952 -603 71 -115
478985 -710 -21 13
479017 -739 -35 157
479050 -854 -50 544
479083 -933 -14 724
479116 -1005 -21 789
479148 -1019 28 939
479181 -1012 -150 1155
479214 -1012 -57 1255
479247 -1034 -7 1183
479280 -1041 -35 1126
479312 -904 -50 810
479345 -739 -78 674
479378 -603 -804 796
479411 -969 -545 -1745
479443 -1177 588 -324
479476 -2147 -186 7029
479509 -3432 86 11754
479542 -3454 976 4910
479574 -904 -294 8178
479607 -2491 -2958 16271
479640 1658 57 -2930
479673 5292 5048 -27970
479705 7590 876 -27654
479738 8739 229 -21715
479771 5622 3884 -20495
479804 1507 -2771 -7548
479837 -2369 -438 8558
479869 -6319 1572 16745
479902 -6204 -4193 27035
479935 -7805 746 25656
479968 -6728 -265 23380
480000 -2951 -3267 7991
480033 1773 2427 -10980
480066 5658 1558 -20847
480099 7949 -1579 -22821
480131 8114 3712 -26785
480164 5098 1716 -20085
480197 1795 -1795 -5774
480230 -2750 1809 14569
480263 -6333 -1479 24780
480295 -6900 -3662 30640
480328 -8028 646 26791
480361 -5651 -1759 12788
480394 -2125 509 803
480426 2025 1996 -12488
480459 7640 -366 -27324
480492 8358 1493 -33772
480525 7970 2721 -23877
480557 3820 -509 -14707
480590 -280 1098 -467
480623 -4222 -136 11725
480656 -7439 -3834 18533
480689 -8214 -488 31839
480721 -7051 -1838 25714
480754 -4588 -1543 10389
480787 -351 524 -36
480820 3698 294 -12323
480852 6067 2893 -26835
480885 7331 1651 -30828
480918 7432 1809 -24157
480951 3813 301 -9759
480983 -581 840 -237
481016 -4078 -710 10239
481049 -8265 -3181 14834
481082 -7439 -1407 31544
481115 -6814 -1730 22324
481147 -3971 -545 7101
481180 -21 21 -381
481213 3612 387 -11863
481246 6060 4215 -24810
481278 7202 -509 -28178
481311 6312 1292 -21931
481344 3109 840 -9716
481377 -775 28 221
481409 -4186 -897 11043
481442 -8387 -3892 15079
481475 -7209 -919 27695
481508 -5938 -947 20866
481541 -3554 -983 5808
481573 359 165 -2485
481606 3662 660 -11037
481639 5385 3087 -24480
481672 6613 -315 -28487
481704 5759 1227 -19217
481737 2484 603 -7583
481770 -947 -366 2124
481803 -4129 -976 10978
481835 -5823 -1357 17183
481868 -6541 -1831 25426
481901 -5227 -186 18174
481934 -2556 -926 5327
481966 675 617 -3799
481999 3906 660 -11475
482032 5529 3755 -22218
482065 5471 -1737 -26067
482098 4847 1012 -18778
482130 1637 -1156 -8503
482163 -1342 129 3625
482196 -4200 -667 11854
482229 -3310 1680 24091
482261 -6663 -2082 17657
482294 -4890 -682 16486
482327 -2060 -531 3855
482360 904 466 -6068
482392 3791 617 -12416
482425 5759 1931 -17091
482458 4588 -78 -24925
482491 4014 114 -17945
482524 1342 -43 -6291
482556 -1780 466 5420
482589 -4172 -753 11840
482622 -4847 811 18059
482655 -6161 -2448 16070
482687 -4129 -157 13255
482720 -1457 -624 2627
482753 1148 911 -5688
482786 3798 380 -12308
482818 5119 0 -15755
482851 4459 1457 -19820
482884 3224 804 -14736
482917 811 -330 -4589
482950 -1816 136 7165
482982 -4136 -811 13061
483015 -5665 -1874 13334
483048 -5048 -294 15739
483081 -3655 -581 9915
483113 -847 -373 2009
483146 1673 940 -6772
483179 3769 236 -13034
483212 4926 107 -13867
483244 4236 1752 -16775
483277 2771 689 -13594
483310 402 -387 -3526
483343 -2211 -21 7653
483376 -4696 -725 10131
483408 -5895 -1788 12623
483441 -4581 -1148 13635
483474 -2822 -280 9190
483507 -488 -179 27
483539 1989 689 -7993
483572 3949 517 -13264
483605 4409 1500 -14513
483638 4251 847 -10104
483670 2247 574 -11167
483703 -165 -682 -3110
483736 -2814 -610 7761
483769 -4129 -143 14138
483801 -3920 -1780 16666
483834 -4129 244 12199
483867 -2348 -753 6885
483900 -78 129 -1135
483933 2204 660 -8811
483965 3784 538 -13012
483998 4172 789 -13608
484031 4861 344 -5946
484064 2104 560 -9048
484096 -545 -430 -2643
484129 -2664 -308 7589
484162 -4035 -1400 14368
484195 -4423 -581 13010
484227 -3296 -157 10770
484260 -1881 -696 5198
484293 222 165 -1846
484326 2312 653 -9917
484359 3784 610 -13321
484391 3927 114 -12344
484424 3856 947 -4409
484457 1306 -28 -7095
484490 -983 -739 -1429
484522 -3080 -14 9118
484555 -3834 -883 14475
484588 -3899 -868 12156
484621 -2944 -344 7625
484653 -1328 -445 1758
484686 797 201 -3971
484719 2470 603 -11274
484752 3525 1464 -16466
484785 3303 1342 -14168
484817 2692 1328 -7066
484850 193 -904 -72
484883 -1694 258 3783
484916 -3296 -739 8285
484948 -3777 -1242 12249
484981 -3525 -804 10102
485014 -2175 -301 6268
485047 -359 -438 911
485079 1378 531 -4948
485112 2865 603 -10844
485145 3145 2161 -14305
485178 2893 287 -11928
485211 1917 847 -7138
485243 -236 -1012 1370
485276 -2470 631 2742
485309 -2893 -560 5413
485342 -3346 -682 11021
485374 -3037 -631 11093
485407 -1780 -21 4228
485440 107 -394 -1516
485473 1543 581 -5235
485505 2685 466 -10111
485538 2936 2096 -12962
485571 2563 -64 -10599
485604 1665 1127 -4388
485636 -308 -1472 2964
485669 -1809 -782 6131
485702 -2807 258 6059
485735 -3023 -919 11581
485768 -2685 -409 8659
485800 -1385 -78 2174
485833 265 -280 -1968
485866 1723 538 -5171
485899 2621 596 -10097
485931 2972 258 -10111
485964 2082 323 -9278
485997 1472 596 -2945
486030 -897 -883 2634
486062 -2707 -667 1464
486095 -3015 -646 6900
486128 -2879 -1342 9104
486161 -2283 -157 7955
486194 -947 -129 1744
486226 560 -143 -3375
486259 1859 552 -6090
486292 2470 588 -9443
486325 2613 -782 -8503
486357 1809 617 -7418
486390 1148 -1673 42
486423 -1206 -107 3252
486456 -3051 -1321 1650
486488 -2254 -488 8056
486521 -2671 -71 9413
486554 -2039 -495 6232
486587 -524 -50 -338
486620 811 193 -4086
486652 1831 409 -6047
486685 2549 373 -9077
486718 2312 236 -8251
486751 1357 -43 -6549
486783 -660 -165 -1437
486816 -1192 -172 3927
486849 -1773 1263 6361
486882 -2592 -2326 9140
486914 -2283 21 7804
486947 -1184 -330 3402
486980 -280 136 -1214
487013 933 287 -3318
487046 1981 402 -6370
487078 2276 438 -9156
487111 1709 1694 -8661
487144 1220 -21 -4761
487177 -631 -366 -1530
487209 -1443 100 1937
487242 -1931 -574 5830
487275 -1608 624 6749
487308 -1630 402 4228
487340 -1177 -323 1571
487373 179 208 135
487406 1098 186 -4424
487439 1795 445 -7942
487472 2154 682 -7684
487504 1773 -402 -4539
487537 667 294 -4014
487570 -452 804 -826
487603 -1041 -639 4020
487635 -1996 -380 6440
487668 -2405 -114 4063
487701 -1012 -373 4515
487734 -308 402 1973
487766 193 229 -374
487799 1148 7 -4725
487832 1723 588 -7526
487865 1709 459 -7059
487897 753 244 -6370
487930 488 502 -2270
487963 -179 689 1499
487996 -1163 -789 3840
488029 -1967 -57 5327
488061 -753 -969 8228
488094 -897 -129 3718
488127 -610 294 -474
488160 473 -201 -999
488192 1256 201 -4804
488225 1630 481 -7382
488258 1601 57 -6111
488291 883 315 -4180
488323 129 107 -1343
488356 -301 172 1866
488389 -1472 -265 3151
488422 -1371 -280 6289
488455 -1831 -165 3510
488487 -1062 423 2332
488520 -251 -409 -575
488553 667 481 -2399
488586 1220 136 -4826
488618 1493 502 -6233
488651 1371 294 -5070
488684 732 122 -3339
488717 -35 78 -977
488749 -639 -136 1844
488782 -1500 -689 5600
488815 -1472 193 5212
488848 -1385 -495 3244
488881 -811 50 745
488913 35 35 -1695
488946 710 157 -3677
488979 1177 179 -4891
489012 -445 251 -5307
489044 1148 107 -4065
489077 538 114 -1745
489110 -588 -71 -359
489143 -1134 -193 2361
489175 -1371 -165 3553
489208 -1306 -330 3955
489241 -983 -57 2246
489274 -359 -7 85
489307 351 136 -2011
489339 955 215 -3828
489372 1213 258 -4919
489405 1127 229 -4611
489438 753 186 -2945
489470 157 -57 -977
489503 -481 -100 1327
489536 -1098 -193 2419
489569 -1299 -308 3338
489601 -1184 -179 3316
489634 -696 -86 1672
489667 -64 7 -417
489700 524 229 -2356
489733 861 251 -3763
489765 1084 280 -4524
489798 969 236 -3986
489831 473 64 -2399
489864 -21 64 -367
489896 -675 -64 1284
489929 -962 -129 2447
489962 -1141 -208 3058
489995 -940 -150 2534
490027 -517 -172 846
490060 57 -21 -948
490093 552 93 -2485
490126 919 308 -3684
490158 890 143 -4014
490191 725 215 -3383
490224 294 172 -1896
490257 -172 0 -122
490290 -660 -64 1428
490322 -962 -157 2512
490355 -1048 -222 2670
490388 -746 -122 1851
490421 -344 7 394
490453 157 100 -1185
490486 567 114 -2600
490519 797 172 -3591
490552 804 122 -3634
490584 552 157 -2729
490617 172 57 -1221
490650 -308 -43 236
490683 -732 -100 1492
490716 -926 -157 2347
490748 -919 -280 2282
490781 -588 -57 1284
490814 -179 -28 -115
490847 244 107 -1530
490879 603 157 -2643
490912 804 136 -3296
490945 696 193 -3131
490978 409 172 -2176
491010 50 21 -898
491043 -265 -64 451
491076 -675 -114 1593
491109 -797 -78 1966
491142 -797 -93 1729
491174 -473 -129 875
491207 -43 -43 -446
491240 330 122 -1760
491273 703 157 -2794
491305 689 165 -3067
491338 574 172 -2715
491371 294 93 -1753
491404 -50 -28 -474
491436 -423 -35 695
491469 -653 -136 1528
491502 -761 -143 1815
491535 -696 -78 1298
491568 -344 -7 307
491600 -14 -14 -826
491633 301 107 -1839
491666 552 57 -2614
491699 610 122 -2866
491731 466 107 -2305
491764 208 0 -1379
491797 -150 -93 -209
491830 -488 -93 695
491862 -667 -21 1334
491895 -603 -43 1514
491928 -481 -122 918
491961 -222 -86 -58
491993 -21 -7 -1027
492026 366 122 -2018
492059 502 172 -2507
492092 459 172 -2456
492125 337 -21 -1896
492157 107 50 -1049
492190 -193 -143 -22
492223 -502 -64 911
492256 -667 -57 1327
492288 -567 -7 1133
492321 -373 14 508
492354 -78 -43 -230
492387 172 50 -1221
492419 409 129 -1975
492452 473 100 -2413
492485 380 114 -2176
492518 294 71 -1616
492551 43 -57 -726
492583 -251 -64 114
492616 -473 -150 824
492649 -495 -165 1205
492682 -473 -86 860
492714 -265 -43 221
492747 14 28 -611
492780 215 43 -1401
492813 387 -28 -1910
492845 438 57 -2191
492878 330 50 -1961
492911 172 57 -1271
492944 -86 21 -410
492977 -251 -93 365
493009 -495 -57 832
493042 -430 -86 846
493075 -409 -107 609
493108 -186 -14 0
493140 14 21 -1063
493173 208 57 -1645
493206 359 129 -2040
493239 409 129 -1889
493271 222 71 -1480
493304 157 35 -704
493337 -179 -71 0
493370 -351 -100 516
493403 -416 -114 774
493435 -466 -7 659
493468 -265 -28 157
493501 -21 43 -654
493534 236 14 -1250
493566 272 100 -1666
493599 294 21 -1896
493632 323 114 -1666
493665 129 93 -1221
493697 -64 43 -517
493730 -222 7 135
493763 -430 -35 523
493796 -423 -57 623
493829 -337 -114 451
493861 -201 21 -151
493894 43 78 -718
493927 157 35 -1358
493960 366 86 -1695
493992 301 28 -1796
494025 229 -21 -1408
494058 28 57 -891
494091 -179 -78 -309
494123 -272 -7 185
494156 -344 -43 480
494189 -373 -35 544
494222 -186 -43 63
494254 -172 43 -402
494287 136 21 -948
494320 186 57 -1401
494353 301 71 -1573
494386 308 43 -1559
494418 143 64 -1235
494451 -21 -28 -553
494484 -122 -35 -72
494517 -280 21 243
494549 -272 -50 286
494582 -366 -100 257
494615 -222 -93 13
494648 -21 0 -568
494680 129 -64 -1070
494713 215 78 -1494
494746 265 100 -1422
494779 229 107 -1257
494812 100 21 -934
494844 -57 64 -496
494877 -172 -114 -43
494910 -344 -78 207
494943 -301 -50 193
494975 -229 -136 49
495008 -143 50 -309
495041 -7 -7 -769
495074 165 114 -1106
495106 251 21 -1250
495139 236 21 -1358
495172 136 71 -1243
495205 86 7 -776
495238 -57 14 -295
495270 -193 -14 -22
495303 -272 -28 70
495336 -272 -71 135
495369 -122 -14 -36
495401 -93 -64 -481
495434 64 21 -905
495467 136 86 -1185
495500 78 14 -1214
495532 136 21 -1200
495565 43 43 -1078
495598 -78 28 -675
495631 -64 -64 -302
495664 -157 -35 49
495696 -265 -50 85
495729 -215 -100 -8
495762 -86 107 -288
495795 100 -7 -934
495827 258 -35 -1465
495860 258 179 -1587
495893 186 71 -1164
495926 -7 71 -568
495958 -150 122 -43
495991 -373 -93 185
496024 -294 -86 142
496057 -136 -35 -166
496089 -78 -28 -467
496122 -14 -64 -690
496155 -21 114 -999
496188 122 7 -1070
496221 50 7 -941
496253 107 -28 -848
496286 -7 -57 -697
496319 -78 14 -625
496352 -78 21 -424
496384 -157 28 -316
496417 -107 50 -288
496450 -107 -93 -424
496483 -136 0 -532
496515 86 50 -697
496548 21 -21 -776
496581 -7 7 -934
496614 78 50 -927
496647 21 64 -733
496679 -78 -28 -510
496712 -35 -50 -481
496745 -35 -78 -496
496778 -129 28 -417
496810 -179 57 -424
496843 -122 86 -568
496876 -43 -14 -604
496909 7 50 -668
496941 -35 71 -733
496974 -7 -21 -718
497007 0 21 -668
497040 -7 7 -762
497073 -129 28 -589
497105 -57 7 -481
497138 -93 -50 -424
497171 -86 64 -417
497204 -136 21 -539
497236 -100 57 -438
497269 -43 0 -568
497302 -14 50 -632
497335 -86 107 -769
497367 -21 86 -805
497400 0 100 -675
497433 -78 28 -639
497466 -122 -57 -589
497499 -143 0 -553
497531 -50 28 -510
497564 -143 28 -532
497597 -57 -86 -553
497630 -57 71 -783
497662 -64 -35 -869
497695 -21 0 -762
497728 50 86 -805
497761 -43 21 -862
497793 -93 71 -833
497826 -136 -28 -718
497859 -35 7 -683
497892 -78 -57 -546
497924 -150 -43 -639
497957 -114 7 -589
497990 -35 107 -762
498023 -193 14 -611
498056 -129 50 -747
498088 -136 -21 -625
498121 -136 114 -668
498154 -165 -28 -589
498187 -114 57 -503
498219 -215 57 -525
498252 -215 -21 -453
498285 -258 -50 -553
498318 -157 0 -532
498350 -179 -7 -596
498383 -229 -43 -675
498416 -143 -43 -560
498449 -215 -21 -855
498482 -179 -7 -618
498514 -244 50 -632
498547 -215 35 -596
498580 -201 -100 -647
498613 -294 50 -596
498645 -244 35 -675
498678 -172 43 -704
498711 -265 57 -661
498744 -323 -21 -596
498776 -143 -28 -704
498809 -265 57 -733
498842 -287 35 -711
498875 -301 50 -647
498908 -280 7 -467
498940 -244 -35 -546
498973 -351 64 -546
499006 -330 35 -553
499039 -315 -71 -517
499071 -244 14 -453
499104 -337 -21 -575
499137 -330 -43 -618
499170 -265 28 -690
499202 -179 7 -611
499235 -229 78 -582
499268 -366 7 -661
499301 -315 0 -668
499334 -373 43 -604
499366 -315 35 -438
499399 -394 64 -546
499432 -301 107 -704
499465 -337 -28 -776
499497 -258 64 -819
499530 -179 28 -776
499563 -272 -7 -905
499596 -265 7 -812
499628 -301 7 -683
499661 -438 35 -690
499694 -373 -7 -596
499727 -387 -43 -589
499760 -430 -28 -467
499792 -452 86 -489
499825 -481 -64 -553
499858 -394 -14 -596
499891 -459 7 -618
499923 -423 -50 -654
499956 -409 7 -683
499989 -438 35 -668
500022 -423 78 -661
500054 -351 28 -661
500087 -473 50 -618
500120 -430 -64 -618
500153 -531 43 -661
500185 -473 -21 -683
500218 -445 57 -625
500251 -481 -28 -496
500284 -473 -57 -611
500317 -466 -28 -697
500349 -423 21 -654
500382 -423 14 -740
500415 -502 -7 -754
500448 -445 7 -740
500480 -423 -28 -704
500513 -531 -14 -546
500546 -567 -14 -431
500579 -624 -35 -338
500611 -545 -57 -316
500644 -710 35 -187
500677 -667 -114 -122
500710 -840 -416 -367
500743 -789 596 -489
500775 -675 -718 882
500808 -768 28 42
500841 -710 78 -295
500874 -761 -323 372
500906 -947 -50 358
500939 -1077 -50 552
500972 -1192 -294 2411
501005 -1278 -445 1593
501037 -1493 21 -223
501070 -1910 157 3201
501103 -5514 -1644 11079
501136 -7317 -1924 23337
501169 -2721 -911 17829
501201 2664 -861 -6643
501234 4416 6807 -24961
501267 229 -2901 32966
501300 1780 -2348 -3541
501332 3899 5450 -38619
501365 6240 -1464 -14118
501398 4617 -631 -8280
501431 2814 2577 -10635
501463 -201 -1594 -5041
501496 -3935 -998 15603
501529 -5780 3748 21082
501562 -6132 -5601 21714
501595 -5277 1242 7144
501627 -3195 -143 1722
501660 380 -1328 -6068
501693 3554 3518 -22986
501726 6139 315 -26081
501758 7367 2549 -17005
501791 3260 1967 -8941
501824 323 -854 -955
501857 -2951 -466 6189
501889 -5435 1206 21376
501922 -8329 -3985 23301
501955 -6233 -983 18683
501988 -4358 71 10569
502021 -703 -1213 3747
502053 2642 1472 -9580
502086 5629 1026 -21644
502119 7331 -739 -20552
502152 7022 4473 -14901
502184 3777 459 -9113
502217 57 -919 -3979
502250 -3331 718 5980
502283 -5751 -2858 16795
502315 -6398 -2685 24687
502348 -5507 1192 18267
502381 -3669 -2139 10239
502414 -603 -21 3323
502446 2728 1192 -10657
502479 5306 179 -21809
502512 6470 2254 -20157
502545 6110 3051 -13271
502578 3418 21 -7145
502610 57 675 -4302
502643 -3152 236 7424
502676 -5565 179 21182
502709 -6649 -955 18152
502741 -5134 -1069 13685
502774 -2721 -1012 13025
502807 -208 351 2634
502840 2764 832 -13091
502872 5206 631 -20301
502905 5622 560 -19949
502938 5802 4236 -12689
502971 2656 -1429 -6549
503004 -409 940 -1609
503036 -3109 265 7208
503069 -6197 -2872 13657
503102 -6369 409 18497
503135 -4789 -1429 15007
503167 -2771 -1271 10634
503200 215 588 35
503233 3044 624 -13185
503266 4926 710 -19353
503298 5392 1292 -19403
503331 4811 983 -13802
503364 1436 -423 -7605
503397 -610 193 1313
503430 -3410 -933 6957
503462 -5234 -1701 13822
503495 -6024 -804 16673
503528 -4380 -1249 12773
503561 -2376 -832 5600
503593 380 445 -869
503626 2829 351 -11526
503659 4488 1586 -20365
503692 5184 2585 -19389
503724 3231 -797 -15870
503757 1687 947 -3117
503790 -832 -646 3489
503823 -3834 -990 6828
503856 -4444 -1981 15517
503888 -4760 -890 17987
503921 -4006 -1077 10863
503954 -1759 -473 3754
503987 718 315 -2399
504019 3008 495 -10520
504052 4179 1960 -19856
504085 4610 2118 -18261
504118 2678 107 -15655
504150 1148 294 -2191
504183 -1306 -244 3783
504216 -3159 244 8415
504249 -5371 -1579 10540
504281 -4760 -1091 16055
504314 -3375 -610 9736
504347 -1206 -100 1083
504380 1163 438 -3383
504413 3044 445 -9781
504445 3834 2585 -18010
504478 3978 998 -16761
504511 2348 43 -14075
504544 933 423 -324
504576 -1464 -136 4666
504609 -3576 -2613 6196
504642 -4832 -380 11567
504675 -4236 -1421 13786
504707 -2980 294 8329
504740 -646 -488 1277
504773 1242 567 -5307
504806 2944 402 -10729
504839 3884 969 -13486
504871 3489 -272 -16057
504904 2908 1788 -11231
504937 675 -330 695
504970 -1608 746 6806
505002 -4006 -1292 6598
505035 -4215 -660 10231
505068 -3813 -998 10425
505101 -2211 -481 7287
505133 -294 -265 -280
505166 1579 502 -5479
505199 2965 495 -10341
505232 4150 -265 -10248
505265 3224 93 -14635
505297 2111 581 -9924
505330 -157 -502 164
505363 -2312 -560 6691
505396 -4251 581 8372
505428 -3590 -2312 10799
505461 -3159 452 9758
505494 -1759 -682 6181
505527 -28 150 -876
505559 1730 466 -6693
505592 2893 409 -10499
505625 3181 552 -9917
505658 2182 -1192 -13565
505691 1522 1507 -9336
505723 -488 -272 595
505756 -2233 294 8422
505789 -3080 -208 9032
505822 -3066 -1321 9722
505854 -3166 -660 7266
505887 -1400 -689 2792
505920 416 64 -4948
505953 1996 394 -10240
505985 2958 488 -11526
506018 2556 1077 -10571
506051 2032 35 -2729
506084 -402 -380 -3907
506117 -768 -366 85
506149 -1788 -1752 8185
506182 -3346 236 9456
506215 -2793 -1400 8350
506248 -1960 344 5384
506280 -445 -531 2117
506313 1206 287 -4948
506346 2427 596 -10664
506379 3008 588 -10492
506411 2484 473 -9508
506444 1902 1335 -1487
506477 21 -876 -2894
506510 -1393 -172 1320
506542 -2649 940 8063
506575 -3109 -1823 9607
506608 -2376 -143 7208
506641 -1551 -57 4027
506674 -122 -294 1018
506706 1314 373 -5278
506739 2269 617 -10147
506772 2585 301 -9838
506805 2340 -337 -8079
506837 1536 955 -2528
506870 -71 57 -1616
506903 -1342 -789 3295
506936 -2261 538 9765
506968 -2994 -1077 8185
507001 -2075 -452 6239
507034 -675 129 4946
507067 7 -201 -359
507100 1364 452 -6169
507132 2269 509 -9393
507165 2190 725 -9558
507198 1974 753 -7454
507231 545 -359 -4891
507263 -653 667 -726
507296 -1371 -560 4128
507329 -1859 71 8601
507362 -2319 -940 7050
507394 -1565 -610 5722
507427 -1543 -301 853
507460 423 93 -1767
507493 1357 366 -6255
507526 2204 452 -7842
507558 1895 -78 -6449
507591 1551 438 -5953
507624 689 438 -4295
507657 -495 -438 875
507689 -1615 -337 4580
507722 -2506 -57 6203
507755 -2283 -1716 5133
507788 -1034 -222 4724
507820 -998 -265 386
507853 509 258 -3103
507886 1450 323 -6506
507919 1938 409 -7267
507952 1472 359 -6499
507984 1285 -78 -4122
508017 28 1048 -3318
508050 -531 -976 2117
508083 -1701 -229 5499
508115 -1206 682 5313
508148 -1601 -1443 6002
508181 -1421 473 5442
508214 -265 -373 530
508246 775 136 -4847
508279 1407 373 -6348
508312 1766 330 -5752
508345 1357 179 -6119
508377 1055 280 -3440
508410 28 -703 -180
508443 -1069 201 2691
508476 -1694 -682 4839
508509 -2692 -2053 2943
508541 -1436 -689 5707
508574 -1041 122 3137
508607 -43 43 -331
508640 1084 495 -3347
508672 1493 236 -5752
508705 1551 531 -6449
508738 1450 495 -4826
508771 904 136 -2341
508803 -93 7 -101
508836 -1019 -157 2720
508869 -1608 -272 4365
508902 -1170 -1012 3201
508935 -969 -129 4573
508967 -588 -157 2684
509000 272 57 -690
509033 883 445 -5429
509066 1464 272 -5846
509098 1385 201 -4697
509131 919 107 -3943
509164 308 -93 -2621
509197 -323 78 365
509229 -1019 -236 2727
509262 -1486 28 3754
509295 -1048 -308 5047
509328 -1242 -129 3230
509361 -409 -50 1011
509393 337 172 -2478
509426 1019 122 -4273
509459 1271 244 -4639
509492 1227 351 -4474
509524 890 -7 -3835
509557 222 143 -1717
509590 -710 86 42
509623 -1034 -287 3072
509655 -1385 -258 3481
509688 -1285 -236 3467
509721 -897 -179 2016
509754 -222 -14 -36
509787 495 28 -2392
509819 983 265 -4072
509852 1134 315 -4474
509885 1113 172 -4101
509918 631 122 -3088
509950 14 50 -1171
509983 -545 -280 1392
510016 -1098 -272 2972
510049 -1271 -294 3252
510081 -1084 -201 2727
510114 -631 -86 1341
510147 -107 -50 -481
510180 531 100 -2708
510213 911 215 -4237
510245 1105 179 -4201
510278 933 179 -3217
510311 394 208 -1508
510344 -157 -129 272
510376 -725 -93 1966
510409 -1091 -143 2928
510442 -983 -301 2727
510475 -768 -129 1665
510507 -294 -14 178
510540 351 122 -1623
510573 703 244 -3217
510606 1005 258 -3979
510638 904 186 -3670
510671 603 172 -2564
510704 57 129 -1063
510737 -416 -143 623
510770 -840 -64 2024
510802 -1026 -222 2677
510835 -883 -114 2189
510868 -545 -150 1148
510901 -100 -21 -338
510933 330 143 -1939
510966 825 208 -3124
510999 840 193 -3620
511032 753 193 -3153
511064 323 129 -1982
511097 -86 -64 -604
511130 -438 -107 846
511163 -854 -157 1866
511196 -883 -229 2275
511228 -782 -86 1701
511261 -373 0 731
511294 -35 50 -819
511327 466 64 -2097
511359 710 157 -3052
511392 718 107 -3253
511425 581 157 -2650
511458 215 86 -1595
511490 -236 -50 -194
511523 -488 -172 925
511556 -797 -122 1823
511589 -768 -157 1844
511622 -596 -143 1313
511654 -294 -28 279
511687 71 -43 -1063
511720 473 93 -2198
511753 639 136 -2909
511785 581 186 -2837
511818 423 157 -2198
511851 150 86 -1192
511884 -157 -14 6
511916 -488 0 1033
511949 -639 -157 1636
511982 -646 -179 1550
512015 -445 -100 832
512048 -93 -35 -194
512080 179 -35 -1300
512113 438 43 -2205
512146 581 114 -2643
512179 560 179 -2507
512211 409 71 -1896
512244 -7 78 -862
512277 -330 -64 300
512310 -596 -35 1155
512342 -660 -186 1320
512375 -567 -71 1176
512408 -359 -35 537
512441 -100 28 -539
512473 186 107 -1530
512506 452 107 -2191
512539 524 143 -2420
512572 416 186 -2198
512605 229 71 -1623
512637 -100 28 -604
512670 -315 -28 401
512703 -581 -86 1018
512736 -588 -107 1162
512768 -495 -93 860
512801 -272 -43 114
512834 7 -14 -690
512867 236 64 -1494
512899 459 122 -2219
512932 452 86 -2327
512965 409 43 -1889
512998 136 43 -1235
513031 -114 -57 -295
513063 -287 -64 465
513096 -466 -35 961
513129 -567 -64 1054
513162 -359 -78 566
513194 -179 28 -158
513227 100 -7 -970
513260 280 93 -1666
513293 387 114 -2090
513325 394 50 -2083
513358 258 57 -1674
513391 64 71 -905
513424 -258 -43 35
513457 -452 -35 631
513489 -552 -100 781
513522 -430 -43 724
513555 -351 43 315
513588 -78 28 -438
513620 122 -14 -1192
513653 344 107 -1774
513686 337 136 -1932
513719 287 100 -1788
513751 129 7 -1264
513784 -100 57 -625
513817 -215 -78 56
513850 -394 -107 530
513883 -430 0 695
513915 -409 -14 473
513948 -107 43 -51
513981 0 78 -762
514014 129 28 -1386
514046 337 35 -1774
514079 315 64 -1817
514112 265 28 -1544
514145 28 0 -999
514177 -21 14 -381
514210 -294 -35 114
514243 -359 -28 473
514276 -402 -165 566
514309 -287 -14 286
514341 -64 21 -295
514374 -21 0 -862
514407 208 71 -1401
514440 244 114 -1566
514472 330 57 -1609
514505 136 122 -1164
514538 -7 -21 -654
514571 -165 -43 -137
514603 -287 -7 315
514636 -330 -57 487
514669 -258 50 293
514702 -215 -28 -101
514734 -28 7 -683
514767 208 43 -1085
514800 265 93 -1451
514833 179 57 -1630
514866 208 78 -1408
514898 93 64 -912
514931 -93 100 -453
514964 -236 -35 -15
514997 -272 -50 257
515029 -280 7 358
515062 -280 -7 149
515095 -179 -43 -230
515128 -7 43 -797
515160 93 43 -1192
515193 193 122 -1408
515226 236 78 -1379
515259 208 35 -1171
515292 7 -35 -740
515324 -136 28 -309
515357 -265 -50 49
515390 -294 -28 272
515423 -229 -43 250
515455 -165 -7 -158
515488 -43 -28 -604
515521 100 71 -934
515554 93 43 -1293
515586 208 21 -1386
515619 179 28 -1221
515652 107 50 -927
515685 -57 14 -467
515718 -215 -43 -180
515750 -208 -7 63
515783 -287 -50 128
515816 -129 -57 70
515849 -136 0 -288
515881 -43 35 -711
515914 14 -14 -991
515947 157 21 -1106
515980 229 28 -1235
516012 129 78 -1185
516045 71 14 -805
516078 -64 50 -467
516111 -236 -78 -130
516144 -201 -43 -22
516176 -222 -21 20
516209 -150 -35 -137
516242 -100 -50 -367
516275 14 -35 -726
516307 -14 78 -1078
516340 136 14 -1178
516373 86 -7 -1178
516406 100 43 -948
516438 14 43 -668
516471 -78 35 -388
516504 -150 14 -130
516537 -236 14 -79
516569 -114 -7 -108
516602 -136 -14 -316
516635 -93 21 -560
516668 50 0 -812
516701 71 35 -1034
516733 122 0 -1171
516766 78 28 -1085
516799 93 -14 -841
516832 -14 28 -560
516864 -86 -43 -288
516897 -86 -35 -187
516930 -86 7 -22
516963 -165 -43 -187
516995 -35 -7 -438
517028 -14 35 -697
517061 78 100 -920
517094 114 0 -905
517127 50 7 -1056
517159 93 100 -855
517192 -28 7 -654
517225 -86 -35 -525
517258 -122 -57 -237
517290 -179 -64 -201
517323 -100 -43 -180
517356 -93 7 -381
517389 28 7 -496
517421 35 7 -675
517454 78 35 -841
517487 57 107 -999
517520 172 71 -977
517553 50 14 -855
517585 -28 78 -632
517618 -86 -21 -453
517651 -129 -7 -295
517684 -136 78 -245
517716 -114 -57 -259
517749 0 14 -431
517782 -43 -50 -618
517815 -28 71 -740
517847 35 100 -927
517880 78 21 -920
517913 7 -50 -833
517946 50 64 -790
517979 -64 -21 -539
518011 -157 -57 -395
518044 -122 -71 -309
518077 -172 93 -367
518110 -150 71 -359
518142 -43 50 -525
518175 21 -28 -726
518208 71 -7 -862
518241 57 14 -855
518273 7 28 -747
518306 50 86 -733
518339 -57 78 -654
518372 -136 -43 -553
518405 -165 -28 -338
518437 -150 -35 -367
518470 -107 -64 -345
518503 -50 -43 -546
518536 -43 14 -632
518568 35 -7 -675
518601 64 0 -783
518634 -43 43 -769
518667 43 -107 -740
518699 7 35 -661
518732 -21 -71 -503
518765 -86 0 -474
518798 -172 -14 -402
518830 -43 -21 -438
518863 -57 71 -496
518896 -86 -50 -467
518929 -21 50 -596
518962 -21 -14 -783
518994 14 -14 -783
519027 0 7 -704
519060 35 -14 -632
519093 -14 -14 -632
519125 -43 -64 -575
519158 -50 0 -367
519191 -43 -57 -352
519224 -57 21 -517
519256 -21 136 -568
519289 -50 -28 -582
519322 14 7 -625
519355 -7 -28 -690
519388 -50 57 -783
519420 -64 7 -747
519453 -57 -50 -611
519486 -71 0 -546
519519 -50 -14 -553
519551 -57 21 -474
519584 -71 14 -481
519617 -50 21 -517
519650 -86 -57 -546
519682 -21 21 -625
519715 0 -14 -618
519748 -7 35 -740
519781 57 43 -675
519814 -14 0 -668
519846 -7 71 -596
519879 7 -35 -496
519912 -35 -35 -438
519945 -100 -64 -481
519977 -100 -14 -525
520010 0 -21 -539
520043 -71 78 -553
520076 43 -43 -675
520108 21 57 -675
520141 -78 -21 -690
520174 -14 43 -711
520207 0 -14 -661
520240 -57 0 -496
520272 -57 -43 -589
520305 -21 -21 -575
520338 -78 28 -568
520371 -57 -50 -431
520403 -78 0 -625
520436 -100 0 -639
520469 7 0 -704
520502 -14 7 -611
520534 50 0 -711
520567 -50 107 -747
520600 -14 14 -632
520633 -64 0 -467
520665 7 43 -532
520698 -64 -21 -503
520731 -122 86 -539
520764 -50 43 -568
520797 -28 -43 -525
520829 -71 43 -604
520862 -21 -7 -647
520895 -35 78 -639
520928 -64 28 -546
520960 -14 -14 -589
520993 -28 -28 -647
521026 -64 -64 -496
521059 -129 7 -560
521091 -50 43 -525
521124 -14 14 -618
521157 -28 71 -596
521190 -129 -28 -625
521223 21 114 -611
521255 -14 -43 -661
521288 0 7 -718
521321 43 -35 -654
521354 -35 64 -582
521386 -122 64 -525
521419 -78 35 -604
521452 -86 0 -582
521485 -43 -43 -481
521517 -14 64 -517
521550 28 43 -568
521583 0 35 -568
521616 -114 35 -647
521649 -93 64 -611
521681 -7 0 -560
521714 -57 14 -675
521747 -100 21 -568
521780 -64 14 -546
521812 -50 71 -560
521845 -71 57 -625
521878 -43 35 -589
521911 7 7 -611
521943 -21 0 -704
521976 0 50 -625
522009 0 43 -618
522042 -100 -57 -496
522075 -50 -64 -481
522107 7 -7 -553
522140 -7 43 -604
522173 -100 114 -582
522206 7 0 -582
522238 -93 -57 -525
522271 43 -7 -618
522304 -71 57 -611
522337 -43 -28 -654
522369 -50 57 -611
522402 -43 50 -532
522435 -21 -35 -575
522468 35 -64 -647
522501 -28 -21 -604
522533 -86 7 -582
522566 -100 0 -568
522599 57 21 -618
522632 -122 -28 -582
522664 -71 7 -525
522697 -7 -14 -539
522730 -107 7 -632
522763 -7 -28 -611
522795 -71 -14 -604
522828 -57 86 -618
522861 35 -7 -525
522894 -50 35 -604
522926 -28 21 -618
522959 -57 -71 -525
522992 -50 -57 -589
523025 -64 7 -481
523058 28 -78 -639
523090 -100 -35 -668
523123 -28 35 -604
523156 50 64 -589
523189 -50 -43 -510
523221 -71 -93 -604
523254 0 64 -625
523287 -7 -21 -539
523320 -50 -7 -604
523352 -7 35 -611
523385 0 57 -553
523418 -86 14 -611
523451 -14 21 -632
523484 57 78 -625
523516 -86 50 -654
523549 -7 50 -604
523582 -71 -14 -546
523615 7 -14 -532
523647 -21 21 -532
523680 -86 35 -604
523713 -35 -43 -589
523746 21 -35 -532
523778 -43 7 -625
523811 86 -7 -647
523844 0 14 -668
523877 -35 -21 -510
523910 -21 0 -553
523942 -57 43 -604
523975 -43 -21 -582
524008 -78 -7 -532
524041 -14 50 -510
524073 -64 21 -654
524106 -28 7 -575
524139 -50 78 -618
524172 -43 35 -517
524204 -78 21 -618
524237 0 -7 -582
524270 -114 114 -625
524303 -64 -43 -596
524336 -64 -35 -496
524368 -14 21 -489
524401 28 35 -582
524434 -28 -14 -568
524467 -21 78 -553
524499 50 -7 -517
524532 -57 57 -575
524565 -78 35 -647
524598 -50 -14 -632
524630 -93 50 -539
524663 7 0 -582
524696 -86 -35 -661
524729 0 14 -568
524761 -43 21 -575
524794 -136 -35 -496
524827 -100 28 -625
524860 -43 -7 -661
524893 -43 -71 -647
524925 -14 -7 -575
524958 -86 43 -532
524991 -43 14 -582
525024 -78 43 -596
525056 -78 71 -553
525089 -114 -57 -604
525122 -71 14 -546
525155 -57 50 -539
525187 -100 35 -510
525220 7 -21 -510
525253 -143 28 -546
525286 -64 28 -668
525319 -43 7 -618
525351 -57 -28 -604
525384 64 14 -596
525417 -57 -7 -632
525450 28 7 -690
525482 -78 64 -639
525515 -114 -7 -525
525548 -114 21 -532
525581 -57 57 -625
525613 0 7 -647
525646 -71 7 -568
525679 -21 57 -604
525712 -93 43 -582
525745 -78 57 -683
525777 -21 78 -539
525810 -43 57 -575
525843 -35 -28 -575
525876 -107 50 -611
525908 -35 21 -575
525941 -35 14 -560
525974 -78 35 -625
526007 -57 14 -668
526039 -78 50 -604
526072 -78 50 -489
526105 -57 7 -568
526138 -50 35 -639
526171 7 28 -639
526203 -93 -57 -632
526236 -100 -64 -575
526269 -21 28 -582
526302 -86 57 -589
526334 -78 21 -553
526367 71 -35 -632
526400 0 -43 -539
526433 -43 35 -532
526465 -71 7 -568
526498 -50 0 -690
526531 -28 35 -582
526564 -78 71 -604
526597 -43 14 -525
526629 -43 43 -604
526662 -100 -21 -517
526695 0 -21 -575
526728 -21 14 -560
526760 -100 71 -582
526793 21 28 -625
526826 -21 -86 -618
526859 -78 71 -582
526891 -78 21 -632
526924 -71 -28 -596
526957 -150 28 -568
526990 -78 50 -568
527022 -43 -7 -596
527055 -14 14 -596
527088 7 28 -639
527121 -78 -21 -532
527154 -64 -21 -582
527186 -86 35 -596
527219 -21 -35 -596
527252 -57 0 -704
527285 -50 43 -489
527317 -57 14 -460
527350 78 14 -618
527383 7 7 -647
527416 7 -35 -575
527448 7 50 -604
527481 -57 -21 -510
527514 -50 -43 -575
527547 0 0 -618
527580 -21 -28 -568
527612 -78 7 -611
527645 -21 21 -618
527678 -71 43 -647
527711 -93 -7 -517
527743 -7 0 -611
527776 -21 43 -568
527809 -43 14 -568
527842 -86 35 -632
527874 43 28 -560
527907 -86 64 -532
527940 -7 78 -604
527973 0 78 -661
528006 -78 71 -596
528038 14 35 -618
528071 -35 28 -467
528104 7 -50 -625
528137 21 21 -611
528169 -21 64 -618
528202 -35 100 -575
528235 -7 7 -690
528268 21 35 -675
528300 -50 -64 -582
528333 21 -28 -568
528366 21 57 -489
528399 -7 14 -575
528432 -50 0 -568
528464 35 -21 -568
528497 14 -28 -539
528530 -57 21 -596
528563 -78 93 -647
528595 -78 0 -697
528628 0 -28 -575
528661 -50 14 -568
528694 -43 -64 -632
528726 7 71 -568
528759 0 -28 -611
528792 -86 50 -489
528825 -71 0 -611
528857 -57 43 -668
528890 -43 57 -625
528923 28 -28 -489
528956 -14 57 -532
528989 -64 14 -575
529021 -107 43 -582
529054 -136 107 -525
529087 -78 -50 -560
529120 -78 -35 -604
529152 -86 0 -560
529185 -93 -35 -596
529218 -78 35 -589
529251 35 43 -546
529283 -7 -7 -611
529316 14 7 -618
529349 -43 14 -525
529382 -64 14 -525
529415 14 57 -611
529447 -21 50 -639
529480 -78 -57 -532
529513 -64 50 -568
529546 -93 0 -618
529578 -14 -57 -639
529611 57 0 -582
529644 0 35 -568
529677 0 -7 -589
529709 -86 21 -690
529742 28 -28 -675
529775 7 -28 -675
529808 -64 -28 -647
529841 -43 14 -647
529873 -57 21 -632
529906 -7 28 -525
529939 -35 21 -582
529972 -57 0 -489
530004 -57 -93 -618
530037 -86 -71 -1350
530070 -107 35 -963
530103 -57 -50 -438
530135 -78 71 -410
530168 0 150 -833
530201 -50 -114 -1372
530234 -64 -50 -747
530267 -35 -64 49
530299 -43 7 -216
530332 -14 0 -647
530365 -14 7 -912
530398 -71 28 -575
530430 -7 50 -209
530463 -78 35 -632
530496 -50 64 -841
530529 -107 -21 -718
530561 -35 -165 -589
530594 -64 21 -560
530627 7 14 -582
530660 -50 43 -819
530693 -28 35 -539
530725 -78 7 -596
530758 0 71 -790
530791 -35 -64 -589
530824 -35 -43 -582
530856 -28 21 -546
530889 7 -14 -553
530922 -64 86 -654
530955 -50 -7 -747
530987 -14 -50 -683
531020 -50 -35 -453
531053 21 114 -474
531086 -71 -7 -632
531118 -35 7 -683
531151 -50 50 -604
531184 21 0 -532
531217 -35 43 -690
531250 -35 86 -474
531282 -165 -35 -280
531315 -35 107 -1487
531348 -14 122 -1609
531381 28 43 -733
531413 93 -35 207
531446 -78 43 -324
531479 -64 -21 -1034
531512 -64 14 -934
531544 -64 -64 -1171
531577 43 -7 -632
531610 -21 -21 -481
531643 -78 21 -144
531676 -7 50 -675
531708 -50 -7 -697
531741 -57 28 -927
531774 14 50 -668
531807 -7 -7 -517
531839 -64 7 -661
531872 0 21 -496
531905 -122 71 -884
531938 -7 14 -632
531970 14 50 -453
532003 21 -21 -367
532036 14 -129 -639
532069 14 28 -783
532102 -143 -50 -510
532134 35 -71 -560
532167 -57 107 -675
532200 7 7 -632
532233 -50 28 -467
532265 -35 -35 -604
532298 -21 -28 -575
532331 -71 -14 -532
532364 -100 -14 -424
532396 -93 -43 -546
532429 -35 28 -668
532462 -7 107 -510
532495 -28 -14 -503
532528 -28 -21 -575
532560 -14 35 -754
532593 -107 -50 -582
532626 -50 28 -568
532659 -43 28 -661
532691 -107 -57 -618
532724 -28 -64 -553
532757 -86 35 -367
532790 -86 71 -589
532822 -57 43 -690
532855 43 86 -639
532888 -78 7 -553
532921 7 -7 -611
532953 0 -64 -776
532986 -64 78 -690
533019 -107 21 -611
533052 -57 21 -431
533085 -78 50 -589
533117 -14 -14 -517
533150 -71 -28 -618
533183 -21 7 -625
533216 -107 -14 -618
533248 -14 43 -639
533281 -14 14 -560
533314 0 7 -690
533347 -86 -50 -560
533379 -7 -86 -517
533412 14 -14 -668
533445 -93 -21 -589
533478 -50 28 -582
533511 -50 -43 -496
533543 -78 -21 -503
533576 -93 0 -596
533609 -35 21 -639
533642 43 50 -532
533674 -57 136 -575
533707 -71 21 -704
533740 21 -78 -582
533773 -14 0 -596
533805 0 78 -704
533838 -35 43 -618
533871 -43 -64 -496
533904 -78 43 -453
533937 35 43 -539
533969 -21 -50 -618
534002 0 50 -532
534035 -28 -71 -532
534068 -21 21 -532
534100 35 64 -647
534133 -43 14 -654
534166 -7 57 -589
534199 -14 35 -481
534231 7 -7 -546
534264 50 -7 -489
534297 -78 57 -575
534330 -50 14 -596
534363 -107 28 -575
534395 -86 78 -582
534428 -35 0 -546
534461 -21 -14 -632
534494 -57 -7 -697
534526 -35 -21 -596
534559 -35 7 -489
534592 -7 0 -568
534625 -43 28 -632
534657 -14 64 -560
534690 -28 35 -517
534723 7 43 -525
534756 -100 28 -496
534789 -43 71 -690
534821 57 7 -568
534854 -114 21 -683
534887 35 107 -690
534920 -57 71 -553
534952 -14 43 -575
534985 43 28 -596
535018 -143 -35 -611
535051 -78 -35 -546
535083 -50 43 -560
535116 21 21 -546
535149 -14 7 -611
535182 -50 35 -661
535214 -43 14 -553
535247 -7 -57 -661
535280 -57 21 -553
535313 -93 -43 -604
535346 -78 -21 -575
535378 -35 57 -575
535411 -28 0 -589
535444 -21 -21 -503
535477 -7 7 -618
535509 -122 -35 -589
535542 -21 -7 -539
535575 -93 71 -553
535608 -21 -71 -683
535640 -64 -35 -589
535673 78 -7 -604
535706 -64 35 -510
535739 -14 21 -618
535772 0 14 -575
535804 -43 -78 -618
535837 -14 -57 -560
535870 -64 0 -539
535903 -50 -21 -618
535935 -64 35 -560
535968 -7 -21 -639
536001 28 14 -582
536034 -21 -7 -589
536066 50 35 -560
536099 -78 0 -596
536132 14 -64 -690
536165 -57 -21 -539
536198 -64 78 -525
536230 0 0 -546
536263 -7 21 -596
536296 -21 43 -668
536329 -43 100 -604
536361 57 7 -604
536394 -71 -78 -568
536427 -7 -14 -582
536460 -28 -7 -553
536492 28 0 -568
536525 -43 -14 -697
536558 -57 0 -618
536591 -64 21 -618
536624 -14 -35 -568
536656 -35 -7 -568
536689 -71 28 -647
536722 -35 93 -568
536755 -7 71 -510
536787 0 -35 -596
536820 -93 71 -639
536853 -71 21 -675
536886 -57 7 -517
536918 -35 -43 -575
536951 -71 -35 -560
536984 0 -21 -539
537017 -28 -35 -546
537049 -71 -71 -546
537082 -78 -43 -596
537115 21 -43 -625
537148 -43 50 -683
537181 -43 107 -618
537213 -57 35 -510
537246 -50 -21 -639
537279 35 -43 -604
537312 7 -28 -532
537344 0 -7 -553
537377 -57 -14 -639
537410 -50 -7 -560
537443 7 50 -568
537475 86 -28 -575
537508 -14 -43 -553
537541 71 50 -661
537574 -35 43 -639
537607 -57 0 -560
537639 7 7 -618
537672 -78 35 -560
537705 28 14 -639
537738 -107 78 -596
537770 -71 -35 -546
537803 -100 -28 -582
537836 -93 -43 -618
537869 -43 -7 -553
537901 -64 -21 -496
537934 -7 -35 -604
537967 -35 35 -632
538000 -35 -14 -675
538033 -78 21 -568
538065 7 0 -639
538098 -57 -21 -618
538131 0 14 -604
538164 -21 50 -532
538196 -78 50 -496
538229 -28 -35 -575
538262 -78 -14 -611
538295 -143 28 -632
538327 -150 0 -582
538360 14 64 -604
538393 0 0 -560
538426 -43 -14 -604
538459 -14 -50 -596
538491 -35 0 -553
538524 -50 -7 -575
538557 0 7 -604
538590 -122 21 -675
538622 -57 28 -611
538655 7 21 -618
538688 -43 14 -596
538721 -43 -14 -582
538753 -28 71 -639
538786 0 -35 -582
538819 -21 28 -589
538852 -21 -21 -647
538885 -28 -7 -589
538917 -50 28 -582
538950 -21 7 -589
538983 -35 71 -596
539016 -86 43 -632
539048 -35 -28 -546
539081 -7 57 -553
539114 -7 28 -568
539147 28 50 -690
539179 -93 78 -560
539212 14 -14 -575
539245 7 43 -568
539278 -64 43 -589
539310 -57 43 -639
539343 -21 14 -596
539376 -28 -78 -532
539409 -143 -21 -575
539442 -57 28 -654
539474 -78 78 -596
539507 -50 78 -553
539540 -78 -64 -481
539573 -50 14 -589
539605 -14 21 -604
539638 -35 -50 -596
539671 -28 14 -517
539704 28 14 -568
539736 0 -14 -553
539769 -64 50 -611
539802 -35 7 -532
539835 -35 -14 -618
539868 -50 28 -496
539900 -43 21 -675
539933 -64 71 -575
539966 -7 14 -632
539999 -136 -14 -575
540031 -107 -7 -632
540064 -21 86 -611
540097 -50 -14 -604
540130 -100 50 -539
540162 14 14 -568
540195 -14 -14 -611
540228 -86 0 -632
540261 21 21 -568
540294 -43 -14 -525
540326 7 93 -553
