% Generado con viga en voladizo 
% 23/enero/2018
% Cargar con plot_bode()
% Ver: https://github.com/ingmec-ual/BodeBeam
% ----------------------------------------------
96750 7310 59852 39953
96250 7425 56449 43292
96500 8688 50539 41684
93750 9170 45361 41734
93000 7863 42424 42050
92250 5917 42460 33261
90250 5299 38159 30877
90000 4962 37750 30072
90250 3712 33477 26238
88250 3217 31244 20866
86500 2656 25722 18533
86750 2599 24565 17757
85750 1974 18821 15459
85250 1938 17241 15660
83000 1809 15819 14439
81750 1414 12128 12055
80750 1694 11396 11610
78250 2276 10864 10691
79500 2254 10168 11158
75500 2412 8990 10662
75500 2427 7511 10361
72250 2384 6426 11129
72250 2197 6391 9621
71500 2025 5665 9702
70000 2010 5227 9644
67250 1795 3798 9127
67750 1838 3827 8969
65500 1457 3310 8854
61750 2987 2901 8280
61250 1960 2628 7935
60000 1981 2182 7612
58500 1931 2096 7196
56500 1766 3015 7074
54250 1622 1472 6513
53750 1608 1321 6485
52500 1579 1170 5946
50750 1709 1249 6355
48750 1615 1077 6197
47000 1500 746 6111
45000 1385 696 5415
43000 1350 653 4768
43250 1321 596 5257
41250 1292 560 4991
40750 1256 560 4754
40000 1227 581 4977
37750 1299 560 4625
37500 1263 581 4639
37000 1292 459 4804
35000 1321 473 4984
34750 1464 531 5479
31250 1637 603 5903
30500 2226 797 8244
26500 5773 1393 18633
24750 1285 409 5027
22250 646 294 2298
20500 330 509 1415
19250 258 538 1200
17250 208 1041 1085
17000 193 1292 1781
15500 236 682 920
15500 150 495 920
15750 150 581 934
14000 186 495 920
